0.00
0.00
0.00
0.00
0.00
0.00
0.00
0.00
0.00
0.00
0.00
0.00
0.00
0.00
0.00
0.00
0.00
0.00
0.00
0.00
0.00
0.00
0.00
0.00
0.00
0.00
0.00
0.00
0.00
0.00
0.00
0.00
0.00
0.00
0.00
0.00
0.00
0.00
0.00
0.00
0.00
0.00
0.00
0.00
0.00
0.00
0.00
0.00
0.00
0.00
0.00
0.00
0.00
0.00
0.00
0.00
0.00
0.00
0.00
0.00
0.00
0.00
0.00
0.00
0.00
0.00
0.00
0.00
0.00
0.00
0.00
0.00
0.00
0.00
0.00
0.00
0.00
0.00
0.00
0.00
0.00
0.00
0.00
0.00
0.00
0.00
0.00
0.00
0.00
0.00
0.00
0.00
0.00
0.00
0.00
0.00
0.00
0.00
0.00
0.00
0.00
0.00
0.00
0.00
0.00
0.00
0.00
0.00
0.00
0.00
0.00
0.00
0.00
0.00
0.00
0.00
0.00
0.00
0.00
0.00
0.00
0.00
0.00
0.00
0.00
0.00
0.00
0.00
0.00
0.00
0.00
0.00
0.00
0.00
0.00
0.00
0.00
0.00
0.00
0.00
0.00
0.00
0.00
0.00
0.00
0.00
0.00
0.00
0.00
0.00
0.00
0.00
0.00
0.00
0.00
0.00
0.00
0.00
0.00
0.00
0.00
0.00
0.00
0.00
0.00
0.00
0.00
0.00
0.00
0.00
0.00
0.00
0.00
0.00
0.00
0.00
0.00
0.00
0.00
0.00
0.00
0.00
0.00
0.00
0.00
0.00
0.00
0.00
0.00
0.00
0.00
0.00
0.00
0.00
0.00
0.00
0.00
0.00
0.00
0.00
0.00
0.00
0.00
0.00
0.00
0.00
0.00
0.00
0.00
0.00
0.00
0.00
0.00
0.00
0.00
0.00
0.00
0.00
0.00
0.00
0.00
0.00
0.00
0.00
0.00
0.00
0.00
0.00
0.00
0.00
0.00
0.00
0.00
0.00
0.00
0.00
0.00
0.00
0.00
0.00
0.00
0.00
0.00
0.00
0.00
0.00
0.00
0.00
0.00
0.00
0.00
0.00
0.00
0.00
0.00
0.00
0.00
0.00
0.00
0.00
0.00
0.00
0.00
0.00
0.00
0.00
0.00
0.00
0.00
0.00
0.00
0.00
0.00
0.00
0.00
0.00
0.00
0.00
0.00
0.00
0.00
0.00
0.00
0.00
0.00
0.00
0.00
0.00
0.00
0.00
0.00
0.00
0.00
0.00
0.00
0.00
0.00
0.00
0.00
0.00
0.00
0.00
0.00
0.00
0.00
0.00
0.00
0.00
0.00
0.00
0.00
0.00
0.00
0.00
0.00
0.00
0.00
0.00
0.00
0.00
0.00
0.00
0.00
0.00
0.00
0.00
0.00
0.00
0.00
0.00
0.00
0.00
0.00
0.00
0.00
0.00
0.00
0.00
0.00
0.00
0.00
0.00
0.00
0.00
0.00
0.00
0.00
0.00
0.00
0.00
0.00
0.00
0.00
0.00
0.00
0.00
0.00
0.00
0.00
0.00
0.00
0.02
0.03
0.05
0.07
0.08
0.10
0.12
0.13
0.15
0.17
0.18
0.20
0.22
0.23
0.25
0.27
0.28
0.30
0.32
0.33
0.35
0.37
0.38
0.40
0.42
0.43
0.45
0.47
0.48
0.50
0.52
0.53
0.55
0.57
0.58
0.60
0.62
0.63
0.65
0.67
0.68
0.70
0.72
0.73
0.75
0.77
0.78
0.80
0.82
0.83
0.85
0.87
0.88
0.90
0.92
0.93
0.95
0.97
0.98
1.00
1.57
2.13
2.70
3.27
3.83
4.40
4.97
5.53
6.10
6.67
7.23
7.80
8.37
8.93
9.50
10.07
10.63
11.20
11.77
12.33
12.90
13.47
14.03
14.60
15.17
15.73
16.30
16.87
17.43
18.00
18.57
19.13
19.70
20.27
20.83
21.40
21.97
22.53
23.10
23.67
24.23
24.80
25.37
25.93
26.50
27.07
27.63
28.20
28.77
29.33
29.90
30.47
31.03
31.60
32.17
32.73
33.30
33.87
34.43
35.00
35.88
36.77
37.65
38.53
39.42
40.30
41.18
42.07
42.95
43.83
44.72
45.60
46.48
47.37
48.25
49.13
50.02
50.90
51.78
52.67
53.55
54.43
55.32
56.20
57.08
57.97
58.85
59.73
60.62
61.50
62.38
63.27
64.15
65.03
65.92
66.80
67.68
68.57
69.45
70.33
71.22
72.10
72.98
73.87
74.75
75.63
76.52
77.40
78.28
79.17
80.05
80.93
81.82
82.70
83.58
84.47
85.35
86.23
87.12
88.00
88.85
89.70
90.55
91.40
92.25
93.10
93.95
94.80
95.65
96.50
97.35
98.20
99.05
99.90
100.75
101.60
102.45
103.30
104.15
105.00
105.85
106.70
107.55
108.40
109.25
110.10
110.95
111.80
112.65
113.50
114.35
115.20
116.05
116.90
117.75
118.60
119.45
120.30
121.15
122.00
122.85
123.70
124.55
125.40
126.25
127.10
127.95
128.80
129.65
130.50
131.35
132.20
133.05
133.90
134.75
135.60
136.45
137.30
138.15
139.00
139.52
140.03
140.55
141.07
141.58
142.10
142.62
143.13
143.65
144.17
144.68
145.20
145.72
146.23
146.75
147.27
147.78
148.30
148.82
149.33
149.85
150.37
150.88
151.40
151.92
152.43
152.95
153.47
153.98
154.50
155.02
155.53
156.05
156.57
157.08
157.60
158.12
158.63
159.15
159.67
160.18
160.70
161.22
161.73
162.25
162.77
163.28
163.80
164.32
164.83
165.35
165.87
166.38
166.90
167.42
167.93
168.45
168.97
169.48
170.00
170.07
170.13
170.20
170.27
170.33
170.40
170.47
170.53
170.60
170.67
170.73
170.80
170.87
170.93
171.00
171.07
171.13
171.20
171.27
171.33
171.40
171.47
171.53
171.60
171.67
171.73
171.80
171.87
171.93
172.00
172.07
172.13
172.20
172.27
172.33
172.40
172.47
172.53
172.60
172.67
172.73
172.80
172.87
172.93
173.00
173.07
173.13
173.20
173.27
173.33
173.40
173.47
173.53
173.60
173.67
173.73
173.80
173.87
173.93
174.00
173.48
172.97
172.45
171.93
171.42
170.90
170.38
169.87
169.35
168.83
168.32
167.80
167.28
166.77
166.25
165.73
165.22
164.70
164.18
163.67
163.15
162.63
162.12
161.60
161.08
160.57
160.05
159.53
159.02
158.50
157.98
157.47
156.95
156.43
155.92
155.40
154.88
154.37
153.85
153.33
152.82
152.30
151.78
151.27
150.75
150.23
149.72
149.20
148.68
148.17
147.65
147.13
146.62
146.10
145.58
145.07
144.55
144.03
143.52
143.00
142.38
141.77
141.15
140.53
139.92
139.30
138.68
138.07
137.45
136.83
136.22
135.60
134.98
134.37
133.75
133.13
132.52
131.90
131.28
130.67
130.05
129.43
128.82
128.20
127.58
126.97
126.35
125.73
125.12
124.50
123.88
123.27
122.65
122.03
121.42
120.80
120.18
119.57
118.95
118.33
117.72
117.10
116.48
115.87
115.25
114.63
114.02
113.40
112.78
112.17
111.55
110.93
110.32
109.70
109.08
108.47
107.85
107.23
106.62
106.00
105.28
104.57
103.85
103.13
102.42
101.70
100.98
100.27
99.55
98.83
98.12
97.40
96.68
95.97
95.25
94.53
93.82
93.10
92.38
91.67
90.95
90.23
89.52
88.80
88.08
87.37
86.65
85.93
85.22
84.50
83.78
83.07
82.35
81.63
80.92
80.20
79.48
78.77
78.05
77.33
76.62
75.90
75.18
74.47
73.75
73.03
72.32
71.60
70.88
70.17
69.45
68.73
68.02
67.30
66.58
65.87
65.15
64.43
63.72
63.00
62.07
61.13
60.20
59.27
58.33
57.40
56.47
55.53
54.60
53.67
52.73
51.80
50.87
49.93
49.00
48.07
47.13
46.20
45.27
44.33
43.40
42.47
41.53
40.60
39.67
38.73
37.80
36.87
35.93
35.00
34.07
33.13
32.20
31.27
30.33
29.40
28.47
27.53
26.60
25.67
24.73
23.80
22.87
21.93
21.00
20.07
19.13
18.20
17.27
16.33
15.40
14.47
13.53
12.60
11.67
10.73
9.80
8.87
7.93
7.00
6.88
6.77
6.65
6.53
6.42
6.30
6.18
6.07
5.95
5.83
5.72
5.60
5.48
5.37
5.25
5.13
5.02
4.90
4.78
4.67
4.55
4.43
4.32
4.20
4.08
3.97
3.85
3.73
3.62
3.50
3.38
3.27
3.15
3.03
2.92
2.80
2.68
2.57
2.45
2.33
2.22
2.10
1.98
1.87
1.75
1.63
1.52
1.40
1.28
1.17
1.05
0.93
0.82
0.70
0.58
0.47
0.35
0.23
0.12
0.00
0.00
0.00
0.00
0.00
0.00
0.00
0.00
0.00
0.00
0.00
0.00
0.00
0.00
0.00
0.00
0.00
0.00
0.00
0.00
0.00
0.00
0.00
0.00
0.00
0.00
0.00
0.00
0.00
0.00
0.00
0.00
0.00
0.00
0.00
0.00
0.00
0.00
0.00
0.00
0.00
0.00
0.00
0.00
0.00
0.00
0.00
0.00
0.00
0.00
0.00
0.00
0.00
0.00
0.00
0.00
0.00
0.00
0.00
0.00
0.00
0.00
0.00
0.00
0.00
0.00
0.00
0.00
0.00
0.00
0.00
0.00
0.00
0.00
0.00
0.00
0.00
0.00
0.00
0.00
0.00
0.00
0.00
0.00
0.00
0.00
0.00
0.00
0.00
0.00
0.00
0.00
0.00
0.00
0.00
0.00
0.00
0.00
0.00
0.00
0.00
0.00
0.00
0.00
0.00
0.00
0.00
0.00
0.00
0.00
0.00
0.00
0.00
0.00
0.00
0.00
0.00
0.00
0.00
0.00
0.00
0.00
0.00
0.00
0.00
0.00
0.00
0.00
0.00
0.00
0.00
0.00
0.00
0.00
0.00
0.00
0.00
0.00
0.00
0.00
0.00
0.00
0.00
0.00
0.00
0.00
0.00
0.00
0.00
0.00
0.00
0.00
0.00
0.00
0.00
0.00
0.00
0.00
0.00
0.00
0.00
0.00
0.00
0.00
0.00
0.00
0.00
0.00
0.00
0.00
0.00
0.00
0.00
0.00
0.00
0.00
0.00
0.00
0.00
0.00
0.00
0.00
0.00
0.00
0.00
0.00
0.00
0.00
0.00
0.00
0.00
0.00
0.00
0.00
0.00
0.00
0.00
0.00
0.00
0.00
0.00
0.00
0.00
0.00
0.00
0.00
0.00
0.00
0.00
0.00
0.00
0.00
0.00
0.00
0.00
0.00
0.00
0.00
0.00
0.00
0.00
0.00
0.00
0.00
0.00
0.00
0.00
0.00
0.00
0.00
0.00
0.00
0.00
0.00
0.00
0.00
0.00
0.00
0.00
0.00
0.00
0.00
0.00
0.00
0.00
0.00
0.00
0.00
0.00
0.00
0.00
0.00
0.00
0.00
0.00
0.00
0.00
0.00
0.00
0.00
0.00
0.00
0.00
0.00
0.00
0.00
0.00
0.00
0.00
0.00
0.00
0.00
0.00
0.00
0.00
0.00
0.00
0.00
0.00
0.00
0.00
0.00
0.00
0.00
0.00
0.00
0.00
0.00
0.00
0.00
0.00
0.00
0.00
0.00
0.00
0.00
0.00
0.00
0.00
0.00
0.00
0.00
0.00
0.00
0.00
0.00
0.00
0.00
0.00
0.00
0.00
0.00
0.00
0.00
0.00
0.00
0.00
0.00
0.00
0.00
0.00
0.00
0.00
0.00
0.00
0.00
0.00
0.00
0.00
0.00
0.00
0.00
0.00
0.00
0.00
0.00
0.00
0.00
0.00
0.00
0.00
0.00
0.00
0.00
0.00
0.00
0.00
0.00
0.00
0.00
0.00
0.00
0.00
0.00
0.00
0.00
0.00
0.00
0.00
0.00
0.00
0.00
0.00
0.00
0.00
0.00
0.00
0.00
0.00
0.00
0.00
0.00
0.00
0.00
0.00
0.00
0.00
0.00
0.00
0.00
0.00
0.00
0.00
0.00
0.00
0.00
0.00
0.00
0.00
0.00
0.00
0.00
0.00
0.00
0.00
0.00
0.00
0.00
0.00
0.00
0.00
0.00
0.00
0.00
0.00
0.00
0.00
0.00
0.00
0.00
0.00
0.00
0.00
0.00
0.00
0.00
0.00
0.00
0.00
0.00
0.00
0.00
0.00
0.00
0.00
0.00
0.00
0.00
0.00
0.00
0.00
0.00
0.00
0.00
0.00
0.00
0.00
0.00
0.00
0.00
0.00
0.00
0.00
0.00
0.00
0.00
0.00
0.00
0.00
0.00
0.00
0.00
0.00
0.00
0.00
0.00
0.00
0.00
0.00
0.00
0.00
0.00
0.00
0.00
0.00
0.00
0.00
0.00
0.00
0.00
0.00
0.00
0.00
0.00
0.00
0.00
0.00
0.00
0.00
0.00
0.00
0.00
0.00
0.00
0.00
0.00
0.00
0.00
0.00
0.00
0.00
0.00
0.00
0.00
0.00
0.00
0.00
0.00
0.00
0.00
0.00
0.00
0.00
0.00
0.00
0.00
0.00
0.00
0.00
0.00
0.00
0.00
0.00
0.00
0.00
0.00
0.00
0.00
0.00
0.00
0.00
0.00
0.00
0.00
0.00
0.00
0.00
0.00
0.00
0.00
0.00
0.00
0.00
0.00
0.00
0.00
0.00
0.00
0.00
0.00
0.00
0.00
0.00
0.00
0.00
0.00
0.00
0.00
0.00
0.00
0.00
0.00
0.00
0.00
0.00
0.00
0.00
0.00
0.00
0.00
0.00
0.00
0.00
0.00
0.00
0.00
0.00
0.00
0.00
0.00
0.00
0.00
0.00
0.00
0.00
0.00
0.00
0.00
0.00
0.00
0.00
0.00
0.00
0.00
0.00
0.00
0.00
0.00
0.00
0.00
0.00
0.00
0.00
0.00
0.00
0.00
0.00
0.00
0.00
0.00
0.00
0.00
0.00
0.00
0.00
0.00
0.00
0.00
0.00
0.00
0.00
0.00
0.00
0.00
0.00
0.00
0.00
0.00
0.00
0.00
0.00
0.00
0.00
0.00
0.00
0.00
0.00
0.00
0.00
0.00
0.00
0.00
0.00
0.00
0.00
0.00
0.00
0.00
0.00
0.00
0.00
0.00
0.00
0.00
0.00
0.00
0.00
0.00
0.00
0.00
0.00
0.00
0.00
0.00
0.00
0.00
0.00
0.00
0.00
0.00
0.00
0.00
0.00
0.00
0.00
0.00
0.00
0.00
0.00
0.00
0.00
0.00
0.00
0.00
0.00
0.00
0.00
0.00
0.00
0.00
0.00
0.00
0.00
0.00
0.00
0.00
0.00
0.00
0.00
0.00
0.00
0.00
0.00
0.00
0.00
0.00
0.00
0.00
0.00
0.00
0.00
0.00
0.00
0.00
0.00
0.00
0.00
0.00
0.00
0.00
0.00
0.00
0.00
0.00
0.00
0.00
0.00
0.00
0.00
0.00
0.00
0.00
0.00
0.00
0.00
0.00
0.00
0.00
0.00
0.00
0.00
0.00
0.00
0.00
0.00
0.00
0.00
0.00
0.00
0.00
0.00
0.00
0.00
0.00
0.00
0.00
0.00
0.00
0.00
0.00
0.00
0.00
0.00
0.00
0.00
0.00
0.00
0.00
0.00
0.00
0.00
0.00
0.00
0.00
0.00
0.00
0.00
0.00
0.00
0.00
0.00
0.00
0.00
0.00
0.00
0.00
0.00
0.00
0.00
0.00
0.00
0.02
0.03
0.05
0.07
0.08
0.10
0.12
0.13
0.15
0.17
0.18
0.20
0.22
0.23
0.25
0.27
0.28
0.30
0.32
0.33
0.35
0.37
0.38
0.40
0.42
0.43
0.45
0.47
0.48
0.50
0.52
0.53
0.55
0.57
0.58
0.60
0.62
0.63
0.65
0.67
0.68
0.70
0.72
0.73
0.75
0.77
0.78
0.80
0.82
0.83
0.85
0.87
0.88
0.90
0.92
0.93
0.95
0.97
0.98
1.00
1.30
1.60
1.90
2.20
2.50
2.80
3.10
3.40
3.70
4.00
4.30
4.60
4.90
5.20
5.50
5.80
6.10
6.40
6.70
7.00
7.30
7.60
7.90
8.20
8.50
8.80
9.10
9.40
9.70
10.00
10.30
10.60
10.90
11.20
11.50
11.80
12.10
12.40
12.70
13.00
13.30
13.60
13.90
14.20
14.50
14.80
15.10
15.40
15.70
16.00
16.30
16.60
16.90
17.20
17.50
17.80
18.10
18.40
18.70
19.00
19.42
19.83
20.25
20.67
21.08
21.50
21.92
22.33
22.75
23.17
23.58
24.00
24.42
24.83
25.25
25.67
26.08
26.50
26.92
27.33
27.75
28.17
28.58
29.00
29.42
29.83
30.25
30.67
31.08
31.50
31.92
32.33
32.75
33.17
33.58
34.00
34.42
34.83
35.25
35.67
36.08
36.50
36.92
37.33
37.75
38.17
38.58
39.00
39.42
39.83
40.25
40.67
41.08
41.50
41.92
42.33
42.75
43.17
43.58
44.00
44.32
44.63
44.95
45.27
45.58
45.90
46.22
46.53
46.85
47.17
47.48
47.80
48.12
48.43
48.75
49.07
49.38
49.70
50.02
50.33
50.65
50.97
51.28
51.60
51.92
52.23
52.55
52.87
53.18
53.50
53.82
54.13
54.45
54.77
55.08
55.40
55.72
56.03
56.35
56.67
56.98
57.30
57.62
57.93
58.25
58.57
58.88
59.20
59.52
59.83
60.15
60.47
60.78
61.10
61.42
61.73
62.05
62.37
62.68
63.00
63.32
63.63
63.95
64.27
64.58
64.90
65.22
65.53
65.85
66.17
66.48
66.80
67.12
67.43
67.75
68.07
68.38
68.70
69.02
69.33
69.65
69.97
70.28
70.60
70.92
71.23
71.55
71.87
72.18
72.50
72.82
73.13
73.45
73.77
74.08
74.40
74.72
75.03
75.35
75.67
75.98
76.30
76.62
76.93
77.25
77.57
77.88
78.20
78.52
78.83
79.15
79.47
79.78
80.10
80.42
80.73
81.05
81.37
81.68
82.00
82.08
82.17
82.25
82.33
82.42
82.50
82.58
82.67
82.75
82.83
82.92
83.00
83.08
83.17
83.25
83.33
83.42
83.50
83.58
83.67
83.75
83.83
83.92
84.00
84.08
84.17
84.25
84.33
84.42
84.50
84.58
84.67
84.75
84.83
84.92
85.00
85.08
85.17
85.25
85.33
85.42
85.50
85.58
85.67
85.75
85.83
85.92
86.00
86.08
86.17
86.25
86.33
86.42
86.50
86.58
86.67
86.75
86.83
86.92
87.00
86.90
86.80
86.70
86.60
86.50
86.40
86.30
86.20
86.10
86.00
85.90
85.80
85.70
85.60
85.50
85.40
85.30
85.20
85.10
85.00
84.90
84.80
84.70
84.60
84.50
84.40
84.30
84.20
84.10
84.00
83.90
83.80
83.70
83.60
83.50
83.40
83.30
83.20
83.10
83.00
82.90
82.80
82.70
82.60
82.50
82.40
82.30
82.20
82.10
82.00
81.90
81.80
81.70
81.60
81.50
81.40
81.30
81.20
81.10
81.00
80.60
80.20
79.80
79.40
79.00
78.60
78.20
77.80
77.40
77.00
76.60
76.20
75.80
75.40
75.00
74.60
74.20
73.80
73.40
73.00
72.60
72.20
71.80
71.40
71.00
70.60
70.20
69.80
69.40
69.00
68.60
68.20
67.80
67.40
67.00
66.60
66.20
65.80
65.40
65.00
64.60
64.20
63.80
63.40
63.00
62.60
62.20
61.80
61.40
61.00
60.60
60.20
59.80
59.40
59.00
58.60
58.20
57.80
57.40
57.00
56.55
56.10
55.65
55.20
54.75
54.30
53.85
53.40
52.95
52.50
52.05
51.60
51.15
50.70
50.25
49.80
49.35
48.90
48.45
48.00
47.55
47.10
46.65
46.20
45.75
45.30
44.85
44.40
43.95
43.50
43.05
42.60
42.15
41.70
41.25
40.80
40.35
39.90
39.45
39.00
38.55
38.10
37.65
37.20
36.75
36.30
35.85
35.40
34.95
34.50
34.05
33.60
33.15
32.70
32.25
31.80
31.35
30.90
30.45
30.00
29.55
29.10
28.65
28.20
27.75
27.30
26.85
26.40
25.95
25.50
25.05
24.60
24.15
23.70
23.25
22.80
22.35
21.90
21.45
21.00
20.55
20.10
19.65
19.20
18.75
18.30
17.85
17.40
16.95
16.50
16.05
15.60
15.15
14.70
14.25
13.80
13.35
12.90
12.45
12.00
11.55
11.10
10.65
10.20
9.75
9.30
8.85
8.40
7.95
7.50
7.05
6.60
6.15
5.70
5.25
4.80
4.35
3.90
3.45
3.00
2.95
2.90
2.85
2.80
2.75
2.70
2.65
2.60
2.55
2.50
2.45
2.40
2.35
2.30
2.25
2.20
2.15
2.10
2.05
2.00
1.95
1.90
1.85
1.80
1.75
1.70
1.65
1.60
1.55
1.50
1.45
1.40
1.35
1.30
1.25
1.20
1.15
1.10
1.05
1.00
0.95
0.90
0.85
0.80
0.75
0.70
0.65
0.60
0.55
0.50
0.45
0.40
0.35
0.30
0.25
0.20
0.15
0.10
0.05
0.00
0.00
0.00
0.00
0.00
0.00
0.00
0.00
0.00
0.00
0.00
0.00
0.00
0.00
0.00
0.00
0.00
0.00
0.00
0.00
0.00
0.00
0.00
0.00
0.00
0.00
0.00
0.00
0.00
0.00
0.00
0.00
0.00
0.00
0.00
0.00
0.00
0.00
0.00
0.00
0.00
0.00
0.00
0.00
0.00
0.00
0.00
0.00
0.00
0.00
0.00
0.00
0.00
0.00
0.00
0.00
0.00
0.00
0.00
0.00
0.00
0.00
0.00
0.00
0.00
0.00
0.00
0.00
0.00
0.00
0.00
0.00
0.00
0.00
0.00
0.00
0.00
0.00
0.00
0.00
0.00
0.00
0.00
0.00
0.00
0.00
0.00
0.00
0.00
0.00
0.00
0.00
0.00
0.00
0.00
0.00
0.00
0.00
0.00
0.00
0.00
0.00
0.00
0.00
0.00
0.00
0.00
0.00
0.00
0.00
0.00
0.00
0.00
0.00
0.00
0.00
0.00
0.00
0.00
0.00
0.00
0.00
0.00
0.00
0.00
0.00
0.00
0.00
0.00
0.00
0.00
0.00
0.00
0.00
0.00
0.00
0.00
0.00
0.00
0.00
0.00
0.00
0.00
0.00
0.00
0.00
0.00
0.00
0.00
0.00
0.00
0.00
0.00
0.00
0.00
0.00
0.00
0.00
0.00
0.00
0.00
0.00
0.00
0.00
0.00
0.00
0.00
0.00
0.00
0.00
0.00
0.00
0.00
0.00
0.00
0.00
0.00
0.00
0.00
0.00
0.00
0.00
0.00
0.00
0.00
0.00
0.00
0.00
0.00
0.00
0.00
0.00
0.00
0.00
0.00
0.00
0.00
0.00
0.00
0.00
0.00
0.00
0.00
0.00
0.00
0.00
0.00
0.00
0.00
0.00
0.00
0.00
0.00
0.00
0.00
0.00
0.00
0.00
0.00
0.00
0.00
0.00
0.00
0.00
0.00
0.00
0.00
0.00
0.00
0.00
0.00
0.00
0.00
0.00
0.00
0.00
0.00
0.00
0.00
0.00
0.00
0.00
0.00
0.00
0.00
0.00
0.00
0.00
0.00
0.00
0.00
0.00
0.00
0.00
0.00
0.00
0.00
0.00
0.00
0.00
0.00
0.00
0.00
0.00
0.00
0.00
0.00
0.00
0.00
0.00
0.00
0.00
0.00
0.00
0.00
0.00
0.00
0.00
0.00
0.00
0.00
0.00
0.00
0.00
0.00
0.00
0.00
0.00
0.00
0.00
0.00
0.00
0.00
0.00
0.00
0.00
0.00
0.00
0.00
0.00
0.00
0.00
0.00
0.00
0.00
0.00
0.00
0.00
0.00
0.00
0.00
0.00
0.00
0.00
0.00
0.00
0.00
0.00
0.00
0.00
0.00
0.00
0.00
0.00
0.00
0.00
0.00
0.00
0.00
0.00
0.00
0.00
0.00
0.00
0.00
0.00
0.00
0.00
0.00
0.00
0.00
0.00
0.00
0.00
0.00
0.00
0.00
0.00
0.00
0.00
0.00
0.00
0.00
0.00
0.00
0.00
0.00
0.00
0.00
0.00
0.00
0.00
0.00
0.00
0.00
0.00
0.00
0.00
0.00
0.00
0.00
0.00
0.00
0.00
0.00
0.00
0.00
0.00
0.00
0.00
0.00
0.00
0.00
0.00
0.00
0.00
0.00
0.00
0.00
0.00
0.00
0.00
0.00
0.00
0.00
0.00
0.00
0.00
0.00
0.00
0.00
0.00
0.00
0.00
0.00
0.00
0.00
0.00
0.00
0.00
0.00
0.00
0.00
0.00
0.00
0.00
0.00
0.00
0.00
0.00
0.00
0.00
0.00
0.00
0.00
0.00
0.00
0.00
0.00
0.00
0.00
0.00
0.00
0.00
0.00
0.00
0.00
0.00
0.00
0.00
0.00
0.00
0.00
0.00
0.00
0.00
0.00
0.00
0.00
0.00
0.00
0.00
0.00
0.00
0.00
0.00
0.00
0.00
0.00
0.00
0.00
0.00
0.00
0.00
0.00
0.00
0.00
0.00
0.00
0.00
0.00
0.00
0.00
0.00
0.00
0.00
0.00
0.00
0.00
0.00
0.00
0.00
0.00
0.00
0.00
0.00
0.00
0.00
0.00
0.00
0.00
0.00
0.00
0.00
0.00
0.00
0.00
0.00
0.00
0.00
0.00
0.00
0.00
0.00
0.00
0.00
0.00
0.00
0.00
0.00
0.00
0.00
0.00
0.00
0.00
0.00
0.00
0.00
0.00
0.00
0.00
0.00
0.00
0.00
0.00
0.00
0.00
0.00
0.00
0.00
0.00
0.00
0.00
0.00
0.00
0.00
0.00
0.00
0.00
0.00
0.00
0.00
0.00
0.00
0.00
0.00
0.00
0.00
0.00
0.00
0.00
0.00
0.00
0.00
0.00
0.00
0.00
0.00
0.00
0.00
0.00
0.00
0.00
0.00
0.00
0.00
0.00
0.00
0.00
0.00
0.00
0.00
0.00
0.00
0.00
0.00
0.00
0.00
0.00
0.00
0.00
0.00
0.00
0.00
0.00
0.00
0.00
0.00
0.00
0.00
0.00
0.00
0.00
0.00
0.00
0.00
0.00
0.00
0.00
0.00
0.00
0.00
0.00
0.00
0.00
0.00
0.00
0.00
0.00
0.00
0.00
0.00
0.00
0.00
0.00
0.00
0.00
0.00
0.00
0.00
0.00
0.00
0.00
0.00
0.00
0.00
0.00
0.00
0.00
0.00
0.00
0.00
0.00
0.00
0.00
0.00
0.00
0.00
0.00
0.00
0.00
0.00
0.00
0.00
0.00
0.00
0.00
0.00
0.00
0.00
0.00
0.00
0.00
0.00
0.00
0.00
0.00
0.00
0.00
0.00
0.00
0.00
0.00
0.00
0.00
0.00
0.00
0.00
0.00
0.00
0.00
0.00
0.00
0.00
0.00
0.00
0.00
0.00
0.00
0.00
0.00
0.00
0.00
0.00
0.00
0.00
0.00
0.00
0.00
0.00
0.00
0.00
0.00
0.00
0.00
0.00
0.00
0.00
0.00
0.00
0.00
0.00
0.00
0.00
0.00
0.00
0.00
0.00
0.00
0.00
0.00
0.00
0.00
0.00
0.00
0.00
0.00
0.00
0.00
0.00
0.00
0.00
0.00
0.00
0.00
0.00
0.00
0.00
0.00
0.00
0.00
0.00
0.00
0.00
0.00
0.00
0.00
0.00
0.00
0.00
0.00
0.00
0.00
0.00
0.00
0.00
0.00
0.00
0.00
0.00
0.00
0.00
0.00
0.00
0.00
0.00
0.00
0.00
0.00
0.00
0.00
0.00
0.00
0.00
0.00
0.00
0.00
0.00
0.00
0.00
0.00
0.00
0.00
0.00
0.00
0.00
0.00
0.00
0.00
0.00
0.00
0.02
0.03
0.05
0.07
0.08
0.10
0.12
0.13
0.15
0.17
0.18
0.20
0.22
0.23
0.25
0.27
0.28
0.30
0.32
0.33
0.35
0.37
0.38
0.40
0.42
0.43
0.45
0.47
0.48
0.50
0.52
0.53
0.55
0.57
0.58
0.60
0.62
0.63
0.65
0.67
0.68
0.70
0.72
0.73
0.75
0.77
0.78
0.80
0.82
0.83
0.85
0.87
0.88
0.90
0.92
0.93
0.95
0.97
0.98
1.00
2.83
4.67
6.50
8.33
10.17
12.00
13.83
15.67
17.50
19.33
21.17
23.00
24.83
26.67
28.50
30.33
32.17
34.00
35.83
37.67
39.50
41.33
43.17
45.00
46.83
48.67
50.50
52.33
54.17
56.00
57.83
59.67
61.50
63.33
65.17
67.00
68.83
70.67
72.50
74.33
76.17
78.00
79.83
81.67
83.50
85.33
87.17
89.00
90.83
92.67
94.50
96.33
98.17
100.00
101.83
103.67
105.50
107.33
109.17
111.00
113.50
116.00
118.50
121.00
123.50
126.00
128.50
131.00
133.50
136.00
138.50
141.00
143.50
146.00
148.50
151.00
153.50
156.00
158.50
161.00
163.50
166.00
168.50
171.00
173.50
176.00
178.50
181.00
183.50
186.00
188.50
191.00
193.50
196.00
198.50
201.00
203.50
206.00
208.50
211.00
213.50
216.00
218.50
221.00
223.50
226.00
228.50
231.00
233.50
236.00
238.50
241.00
243.50
246.00
248.50
251.00
253.50
256.00
258.50
261.00
262.90
264.80
266.70
268.60
270.50
272.40
274.30
276.20
278.10
280.00
281.90
283.80
285.70
287.60
289.50
291.40
293.30
295.20
297.10
299.00
300.90
302.80
304.70
306.60
308.50
310.40
312.30
314.20
316.10
318.00
319.90
321.80
323.70
325.60
327.50
329.40
331.30
333.20
335.10
337.00
338.90
340.80
342.70
344.60
346.50
348.40
350.30
352.20
354.10
356.00
357.90
359.80
361.70
363.60
365.50
367.40
369.30
371.20
373.10
375.00
377.57
380.13
382.70
385.27
387.83
390.40
392.97
395.53
398.10
400.67
403.23
405.80
408.37
410.93
413.50
416.07
418.63
421.20
423.77
426.33
428.90
431.47
434.03
436.60
439.17
441.73
444.30
446.87
449.43
452.00
454.57
457.13
459.70
462.27
464.83
467.40
469.97
472.53
475.10
477.67
480.23
482.80
485.37
487.93
490.50
493.07
495.63
498.20
500.77
503.33
505.90
508.47
511.03
513.60
516.17
518.73
521.30
523.87
526.43
529.00
529.28
529.57
529.85
530.13
530.42
530.70
530.98
531.27
531.55
531.83
532.12
532.40
532.68
532.97
533.25
533.53
533.82
534.10
534.38
534.67
534.95
535.23
535.52
535.80
536.08
536.37
536.65
536.93
537.22
537.50
537.78
538.07
538.35
538.63
538.92
539.20
539.48
539.77
540.05
540.33
540.62
540.90
541.18
541.47
541.75
542.03
542.32
542.60
542.88
543.17
543.45
543.73
544.02
544.30
544.58
544.87
545.15
545.43
545.72
546.00
545.03
544.07
543.10
542.13
541.17
540.20
539.23
538.27
537.30
536.33
535.37
534.40
533.43
532.47
531.50
530.53
529.57
528.60
527.63
526.67
525.70
524.73
523.77
522.80
521.83
520.87
519.90
518.93
517.97
517.00
516.03
515.07
514.10
513.13
512.17
511.20
510.23
509.27
508.30
507.33
506.37
505.40
504.43
503.47
502.50
501.53
500.57
499.60
498.63
497.67
496.70
495.73
494.77
493.80
492.83
491.87
490.90
489.93
488.97
488.00
486.47
484.93
483.40
481.87
480.33
478.80
477.27
475.73
474.20
472.67
471.13
469.60
468.07
466.53
465.00
463.47
461.93
460.40
458.87
457.33
455.80
454.27
452.73
451.20
449.67
448.13
446.60
445.07
443.53
442.00
440.47
438.93
437.40
435.87
434.33
432.80
431.27
429.73
428.20
426.67
425.13
423.60
422.07
420.53
419.00
417.47
415.93
414.40
412.87
411.33
409.80
408.27
406.73
405.20
403.67
402.13
400.60
399.07
397.53
396.00
393.72
391.43
389.15
386.87
384.58
382.30
380.02
377.73
375.45
373.17
370.88
368.60
366.32
364.03
361.75
359.47
357.18
354.90
352.62
350.33
348.05
345.77
343.48
341.20
338.92
336.63
334.35
332.07
329.78
327.50
325.22
322.93
320.65
318.37
316.08
313.80
311.52
309.23
306.95
304.67
302.38
300.10
297.82
295.53
293.25
290.97
288.68
286.40
284.12
281.83
279.55
277.27
274.98
272.70
270.42
268.13
265.85
263.57
261.28
259.00
256.72
254.43
252.15
249.87
247.58
245.30
243.02
240.73
238.45
236.17
233.88
231.60
229.32
227.03
224.75
222.47
220.18
217.90
215.62
213.33
211.05
208.77
206.48
204.20
201.92
199.63
197.35
195.07
192.78
190.50
188.22
185.93
183.65
181.37
179.08
176.80
174.52
172.23
169.95
167.67
165.38
163.10
160.82
158.53
156.25
153.97
151.68
149.40
147.12
144.83
142.55
140.27
137.98
135.70
133.42
131.13
128.85
126.57
124.28
122.00
119.97
117.93
115.90
113.87
111.83
109.80
107.77
105.73
103.70
101.67
99.63
97.60
95.57
93.53
91.50
89.47
87.43
85.40
83.37
81.33
79.30
77.27
75.23
73.20
71.17
69.13
67.10
65.07
63.03
61.00
58.97
56.93
54.90
52.87
50.83
48.80
46.77
44.73
42.70
40.67
38.63
36.60
34.57
32.53
30.50
28.47
26.43
24.40
22.37
20.33
18.30
16.27
14.23
12.20
10.17
8.13
6.10
4.07
2.03
0.00
0.00
0.00
0.00
0.00
0.00
0.00
0.00
0.00
0.00
0.00
0.00
0.00
0.00
0.00
0.00
0.00
0.00
0.00
0.00
0.00
0.00
0.00
0.00
0.00
0.00
0.00
0.00
0.00
0.00
0.00
0.00
0.00
0.00
0.00
0.00
0.00
0.00
0.00
0.00
0.00
0.00
0.00
0.00
0.00
0.00
0.00
0.00
0.00
0.00
0.00
0.00
0.00
0.00
0.00
0.00
0.00
0.00
0.00
0.00
0.00
0.00
0.00
0.00
0.00
0.00
0.00
0.00
0.00
0.00
0.00
0.00
0.00
0.00
0.00
0.00
0.00
0.00
0.00
0.00
0.00
0.00
0.00
0.00
0.00
0.00
0.00
0.00
0.00
0.00
0.00
0.00
0.00
0.00
0.00
0.00
0.00
0.00
0.00
0.00
0.00
0.00
0.00
0.00
0.00
0.00
0.00
0.00
0.00
0.00
0.00
0.00
0.00
0.00
0.00
0.00
0.00
0.00
0.00
0.00
0.00
0.00
0.00
0.00
0.00
0.00
0.00
0.00
0.00
0.00
0.00
0.00
0.00
0.00
0.00
0.00
0.00
0.00
0.00
0.00
0.00
0.00
0.00
0.00
0.00
0.00
0.00
0.00
0.00
0.00
0.00
0.00
0.00
0.00
0.00
0.00
0.00
0.00
0.00
0.00
0.00
0.00
0.00
0.00
0.00
0.00
0.00
0.00
0.00
0.00
0.00
0.00
0.00
0.00
0.00
0.00
0.00
0.00
0.00
0.00
0.00
0.00
0.00
0.00
0.00
0.00
0.00
0.00
0.00
0.00
0.00
0.00
0.00
0.00
0.00
0.00
0.00
0.00
0.00
0.00
0.00
0.00
0.00
0.00
0.00
0.00
0.00
0.00
0.00
0.00
0.00
0.00
0.00
0.00
0.00
0.00
0.00
0.00
0.00
0.00
0.00
0.00
0.00
0.00
0.00
0.00
0.00
0.00
0.00
0.00
0.00
0.00
0.00
0.00
0.00
0.00
0.00
0.00
0.00
0.00
0.00
0.00
0.00
0.00
0.00
0.00
0.00
0.00
0.00
0.00
0.00
0.00
0.00
0.00
0.00
0.00
0.00
0.00
0.00
0.00
0.00
0.00
0.00
0.00
0.00
0.00
0.00
0.00
0.00
0.00
0.00
0.00
0.00
0.00
0.00
0.00
0.00
0.00
0.00
0.00
0.00
0.00
0.00
0.00
0.00
0.00
0.00
0.00
0.00
0.00
0.00
0.00
0.00
0.00
0.00
0.00
0.00
0.00
0.00
0.00
0.00
0.00
0.00
0.00
0.00
0.00
0.00
0.00
0.00
0.00
0.00
0.00
0.00
0.00
0.00
0.00
0.00
0.00
0.00
0.00
0.00
0.00
0.00
0.00
0.00
0.00
0.00
0.00
0.00
0.00
0.00
0.00
0.00
0.00
0.00
0.00
0.00
0.00
0.00
0.00
0.00
0.00
0.00
0.00
0.00
0.00
0.00
0.00
0.00
0.00
0.00
0.00
0.00
0.00
0.00
0.00
0.00
0.00
0.00
0.00
0.00
0.00
0.00
0.00
0.00
0.00
0.00
0.00
0.00
0.00
0.00
0.00
0.00
0.00
0.00
0.00
0.00
0.00
0.00
0.00
0.00
0.00
0.00
0.00
0.00
0.00
0.00
0.00
0.00
0.00
0.00
0.00
0.00
0.00
0.00
0.00
0.00
0.00
0.00
0.00
0.00
0.00
0.00
0.00
0.00
0.00
0.00
0.00
0.00
0.00
0.00
0.00
0.00
0.00
0.00
0.00
0.00
0.00
0.00
0.00
0.00
0.00
0.00
0.00
0.00
0.00
0.00
0.00
0.00
0.00
0.00
0.00
0.00
0.00
0.00
0.00
0.00
0.00
0.00
0.00
0.00
0.00
0.00
0.00
0.00
0.00
0.00
0.00
0.00
0.00
0.00
0.00
0.00
0.00
0.00
0.00
0.00
0.00
0.00
0.00
0.00
0.00
0.00
0.00
0.00
0.00
0.00
0.00
0.00
0.00
0.00
0.00
0.00
0.00
0.00
0.00
0.00
0.00
0.00
0.00
0.00
0.00
0.00
0.00
0.00
0.00
0.00
0.00
0.00
0.00
0.00
0.00
0.00
0.00
0.00
0.00
0.00
0.00
0.00
0.00
0.00
0.00
0.00
0.00
0.00
0.00
0.00
0.00
0.00
0.00
0.00
0.00
0.00
0.00
0.00
0.00
0.00
0.00
0.00
0.00
0.00
0.00
0.00
0.00
0.00
0.00
0.00
0.00
0.00
0.00
0.00
0.00
0.00
0.00
0.00
0.00
0.00
0.00
0.00
0.00
0.00
0.00
0.00
0.00
0.00
0.00
0.00
0.00
0.00
0.00
0.00
0.00
0.00
0.00
0.00
0.00
0.00
0.00
0.00
0.00
0.00
0.00
0.00
0.00
0.00
0.00
0.00
0.00
0.00
0.00
0.00
0.00
0.00
0.00
0.00
0.00
0.00
0.00
0.00
0.00
0.00
0.00
0.00
0.00
0.00
0.00
0.00
0.00
0.00
0.00
0.00
0.00
0.00
0.00
0.00
0.00
0.00
0.00
0.00
0.00
0.00
0.00
0.00
0.00
0.00
0.00
0.00
0.00
0.00
0.00
0.00
0.00
0.00
0.00
0.00
0.00
0.00
0.00
0.00
0.00
0.00
0.00
0.00
0.00
0.00
0.00
0.00
0.00
0.00
0.00
0.00
0.00
0.00
0.00
0.00
0.00
0.00
0.00
0.00
0.00
0.00
0.00
0.00
0.00
0.00
0.00
0.00
0.00
0.00
0.00
0.00
0.00
0.00
0.00
0.00
0.00
0.00
0.00
0.00
0.00
0.00
0.00
0.00
0.00
0.00
0.00
0.00
0.00
0.00
0.00
0.00
0.00
0.00
0.00
0.00
0.00
0.00
0.00
0.00
0.00
0.00
0.00
0.00
0.00
0.00
0.00
0.00
0.00
0.00
0.00
0.00
0.00
0.00
0.00
0.00
0.00
0.00
0.00
0.00
0.00
0.00
0.00
0.00
0.00
0.00
0.00
0.00
0.00
0.00
0.00
0.00
0.00
0.00
0.00
0.00
0.00
0.00
0.00
0.00
0.00
0.00
0.00
0.00
0.00
0.00
0.00
0.00
0.00
0.00
0.00
0.00
0.00
0.00
0.00
0.00
0.00
0.00
0.00
0.00
0.00
0.00
0.00
0.00
0.00
0.00
0.00
0.00
0.00
0.00
0.00
0.00
0.00
0.00
0.00
0.00
0.00
0.00
0.00
0.00
0.00
0.00
0.00
0.00
0.00
0.00
0.00
0.00
0.00
0.00
0.00
0.00
0.00
0.00
0.00
0.00
0.00
0.00
0.00
0.00
0.00
0.00
0.02
0.03
0.05
0.07
0.08
0.10
0.12
0.13
0.15
0.17
0.18
0.20
0.22
0.23
0.25
0.27
0.28
0.30
0.32
0.33
0.35
0.37
0.38
0.40
0.42
0.43
0.45
0.47
0.48
0.50
0.52
0.53
0.55
0.57
0.58
0.60
0.62
0.63
0.65
0.67
0.68
0.70
0.72
0.73
0.75
0.77
0.78
0.80
0.82
0.83
0.85
0.87
0.88
0.90
0.92
0.93
0.95
0.97
0.98
1.00
3.03
5.07
7.10
9.13
11.17
13.20
15.23
17.27
19.30
21.33
23.37
25.40
27.43
29.47
31.50
33.53
35.57
37.60
39.63
41.67
43.70
45.73
47.77
49.80
51.83
53.87
55.90
57.93
59.97
62.00
64.03
66.07
68.10
70.13
72.17
74.20
76.23
78.27
80.30
82.33
84.37
86.40
88.43
90.47
92.50
94.53
96.57
98.60
100.63
102.67
104.70
106.73
108.77
110.80
112.83
114.87
116.90
118.93
120.97
123.00
124.82
126.63
128.45
130.27
132.08
133.90
135.72
137.53
139.35
141.17
142.98
144.80
146.62
148.43
150.25
152.07
153.88
155.70
157.52
159.33
161.15
162.97
164.78
166.60
168.42
170.23
172.05
173.87
175.68
177.50
179.32
181.13
182.95
184.77
186.58
188.40
190.22
192.03
193.85
195.67
197.48
199.30
201.12
202.93
204.75
206.57
208.38
210.20
212.02
213.83
215.65
217.47
219.28
221.10
222.92
224.73
226.55
228.37
230.18
232.00
234.00
236.00
238.00
240.00
242.00
244.00
246.00
248.00
250.00
252.00
254.00
256.00
258.00
260.00
262.00
264.00
266.00
268.00
270.00
272.00
274.00
276.00
278.00
280.00
282.00
284.00
286.00
288.00
290.00
292.00
294.00
296.00
298.00
300.00
302.00
304.00
306.00
308.00
310.00
312.00
314.00
316.00
318.00
320.00
322.00
324.00
326.00
328.00
330.00
332.00
334.00
336.00
338.00
340.00
342.00
344.00
346.00
348.00
350.00
352.00
352.78
353.57
354.35
355.13
355.92
356.70
357.48
358.27
359.05
359.83
360.62
361.40
362.18
362.97
363.75
364.53
365.32
366.10
366.88
367.67
368.45
369.23
370.02
370.80
371.58
372.37
373.15
373.93
374.72
375.50
376.28
377.07
377.85
378.63
379.42
380.20
380.98
381.77
382.55
383.33
384.12
384.90
385.68
386.47
387.25
388.03
388.82
389.60
390.38
391.17
391.95
392.73
393.52
394.30
395.08
395.87
396.65
397.43
398.22
399.00
399.42
399.83
400.25
400.67
401.08
401.50
401.92
402.33
402.75
403.17
403.58
404.00
404.42
404.83
405.25
405.67
406.08
406.50
406.92
407.33
407.75
408.17
408.58
409.00
409.42
409.83
410.25
410.67
411.08
411.50
411.92
412.33
412.75
413.17
413.58
414.00
414.42
414.83
415.25
415.67
416.08
416.50
416.92
417.33
417.75
418.17
418.58
419.00
419.42
419.83
420.25
420.67
421.08
421.50
421.92
422.33
422.75
423.17
423.58
424.00
423.48
422.97
422.45
421.93
421.42
420.90
420.38
419.87
419.35
418.83
418.32
417.80
417.28
416.77
416.25
415.73
415.22
414.70
414.18
413.67
413.15
412.63
412.12
411.60
411.08
410.57
410.05
409.53
409.02
408.50
407.98
407.47
406.95
406.43
405.92
405.40
404.88
404.37
403.85
403.33
402.82
402.30
401.78
401.27
400.75
400.23
399.72
399.20
398.68
398.17
397.65
397.13
396.62
396.10
395.58
395.07
394.55
394.03
393.52
393.00
391.35
389.70
388.05
386.40
384.75
383.10
381.45
379.80
378.15
376.50
374.85
373.20
371.55
369.90
368.25
366.60
364.95
363.30
361.65
360.00
358.35
356.70
355.05
353.40
351.75
350.10
348.45
346.80
345.15
343.50
341.85
340.20
338.55
336.90
335.25
333.60
331.95
330.30
328.65
327.00
325.35
323.70
322.05
320.40
318.75
317.10
315.45
313.80
312.15
310.50
308.85
307.20
305.55
303.90
302.25
300.60
298.95
297.30
295.65
294.00
291.77
289.53
287.30
285.07
282.83
280.60
278.37
276.13
273.90
271.67
269.43
267.20
264.97
262.73
260.50
258.27
256.03
253.80
251.57
249.33
247.10
244.87
242.63
240.40
238.17
235.93
233.70
231.47
229.23
227.00
224.77
222.53
220.30
218.07
215.83
213.60
211.37
209.13
206.90
204.67
202.43
200.20
197.97
195.73
193.50
191.27
189.03
186.80
184.57
182.33
180.10
177.87
175.63
173.40
171.17
168.93
166.70
164.47
162.23
160.00
158.85
157.70
156.55
155.40
154.25
153.10
151.95
150.80
149.65
148.50
147.35
146.20
145.05
143.90
142.75
141.60
140.45
139.30
138.15
137.00
135.85
134.70
133.55
132.40
131.25
130.10
128.95
127.80
126.65
125.50
124.35
123.20
122.05
120.90
119.75
118.60
117.45
116.30
115.15
114.00
112.85
111.70
110.55
109.40
108.25
107.10
105.95
104.80
103.65
102.50
101.35
100.20
99.05
97.90
96.75
95.60
94.45
93.30
92.15
91.00
89.48
87.97
86.45
84.93
83.42
81.90
80.38
78.87
77.35
75.83
74.32
72.80
71.28
69.77
68.25
66.73
65.22
63.70
62.18
60.67
59.15
57.63
56.12
54.60
53.08
51.57
50.05
48.53
47.02
45.50
43.98
42.47
40.95
39.43
37.92
36.40
34.88
33.37
31.85
30.33
28.82
27.30
25.78
24.27
22.75
21.23
19.72
18.20
16.68
15.17
13.65
12.13
10.62
9.10
7.58
6.07
4.55
3.03
1.52
0.00
0.00
0.00
0.00
0.00
0.00
0.00
0.00
0.00
0.00
0.00
0.00
0.00
0.00
0.00
0.00
0.00
0.00
0.00
0.00
0.00
0.00
0.00
0.00
0.00
0.00
0.00
0.00
0.00
0.00
0.00
0.00
0.00
0.00
0.00
0.00
0.00
0.00
0.00
0.00
0.00
0.00
0.00
0.00
0.00
0.00
0.00
0.00
0.00
0.00
0.00
0.00
0.00
0.00
0.00
0.00
0.00
0.00
0.00
0.00
0.00
0.00
0.00
0.00
0.00
0.00
0.00
0.00
0.00
0.00
0.00
0.00
0.00
0.00
0.00
0.00
0.00
0.00
0.00
0.00
0.00
0.00
0.00
0.00
0.00
0.00
0.00
0.00
0.00
0.00
0.00
0.00
0.00
0.00
0.00
0.00
0.00
0.00
0.00
0.00
0.00
0.00
0.00
0.00
0.00
0.00
0.00
0.00
0.00
0.00
0.00
0.00
0.00
0.00
0.00
0.00
0.00
0.00
0.00
0.00
0.00
0.00
0.00
0.00
0.00
0.00
0.00
0.00
0.00
0.00
0.00
0.00
0.00
0.00
0.00
0.00
0.00
0.00
0.00
0.00
0.00
0.00
0.00
0.00
0.00
0.00
0.00
0.00
0.00
0.00
0.00
0.00
0.00
0.00
0.00
0.00
0.00
0.00
0.00
0.00
0.00
0.00
0.00
0.00
0.00
0.00
0.00
0.00
0.00
0.00
0.00
0.00
0.00
0.00
0.00
0.00
0.00
0.00
0.00
0.00
0.00
0.00
0.00
0.00
0.00
0.00
0.00
0.00
0.00
0.00
0.00
0.00
0.00
0.00
0.00
0.00
0.00
0.00
0.00
0.00
0.00
0.00
0.00
0.00
0.00
0.00
0.00
0.00
0.00
0.00
0.00
0.00
0.00
0.00
0.00
0.00
0.00
0.00
0.00
0.00
0.00
0.00
0.00
0.00
0.00
0.00
0.00
0.00
0.00
0.00
0.00
0.00
0.00
0.00
0.00
0.00
0.00
0.00
0.00
0.00
0.00
0.00
0.00
0.00
0.00
0.00
0.00
0.00
0.00
0.00
0.00
0.00
0.00
0.00
0.00
0.00
0.00
0.00
0.00
0.00
0.00
0.00
0.00
0.00
0.00
0.00
0.00
0.00
0.00
0.00
0.00
0.00
0.00
0.00
0.00
0.00
0.00
0.00
0.00
0.00
0.00
0.00
0.00
0.00
0.00
0.00
0.00
0.00
0.00
0.00
0.00
0.00
0.00
0.00
0.00
0.00
0.00
0.00
0.00
0.00
0.00
0.00
0.00
0.00
0.00
0.00
0.00
0.00
0.00
0.00
0.00
0.00
0.00
0.00
0.00
0.00
0.00
0.00
0.00
0.00
0.00
0.00
0.00
0.00
0.00
0.00
0.00
0.00
0.00
0.00
0.00
0.00
0.00
0.00
0.00
0.00
0.00
0.00
0.00
0.00
0.00
0.00
0.00
0.00
0.00
0.00
0.00
0.00
0.00
0.00
0.00
0.00
0.00
0.00
0.00
0.00
0.00
0.00
0.00
0.00
0.00
0.00
0.00
0.00
0.00
0.00
0.00
0.00
0.00
0.00
0.00
0.00
0.00
0.00
0.00
0.00
0.00
0.00
0.00
0.00
0.00
0.00
0.00
0.00
0.00
0.00
0.00
0.00
0.00
0.00
0.00
0.00
0.00
0.00
0.00
0.00
0.00
0.00
0.00
0.00
0.00
0.00
0.00
0.00
0.00
0.00
0.00
0.00
0.00
0.00
0.00
0.00
0.00
0.00
0.00
0.00
0.00
0.00
0.00
0.00
0.00
0.00
0.00
0.00
0.00
0.00
0.00
0.00
0.00
0.00
0.00
0.00
0.00
0.00
0.00
0.00
0.00
0.00
0.00
0.00
0.00
0.00
0.00
0.00
0.00
0.00
0.00
0.00
0.00
0.00
0.00
0.00
0.00
0.00
0.00
0.00
0.00
0.00
0.00
0.00
0.00
0.00
0.00
0.00
0.00
0.00
0.00
0.00
0.00
0.00
0.00
0.00
0.00
0.00
0.00
0.00
0.00
0.00
0.00
0.00
0.00
0.00
0.00
0.00
0.00
0.00
0.00
0.00
0.00
0.00
0.00
0.00
0.00
0.00
0.00
0.00
0.00
0.00
0.00
0.00
0.00
0.00
0.00
0.00
0.00
0.00
0.00
0.00
0.00
0.00
0.00
0.00
0.00
0.00
0.00
0.00
0.00
0.00
0.00
0.00
0.00
0.00
0.00
0.00
0.00
0.00
0.00
0.00
0.00
0.00
0.00
0.00
0.00
0.00
0.00
0.00
0.00
0.00
0.00
0.00
0.00
0.00
0.00
0.00
0.00
0.00
0.00
0.00
0.00
0.00
0.00
0.00
0.00
0.00
0.00
0.00
0.00
0.00
0.00
0.00
0.00
0.00
0.00
0.00
0.00
0.00
0.00
0.00
0.00
0.00
0.00
0.00
0.00
0.00
0.00
0.00
0.00
0.00
0.00
0.00
0.00
0.00
0.00
0.00
0.00
0.00
0.00
0.00
0.00
0.00
0.00
0.00
0.00
0.00
0.00
0.00
0.00
0.00
0.00
0.00
0.00
0.00
0.00
0.00
0.00
0.00
0.00
0.00
0.00
0.00
0.00
0.00
0.00
0.00
0.00
0.00
0.00
0.00
0.00
0.00
0.00
0.00
0.00
0.00
0.00
0.00
0.00
0.00
0.00
0.00
0.00
0.00
0.00
0.00
0.00
0.00
0.00
0.00
0.00
0.00
0.00
0.00
0.00
0.00
0.00
0.00
0.00
0.00
0.00
0.00
0.00
0.00
0.00
0.00
0.00
0.00
0.00
0.00
0.00
0.00
0.00
0.00
0.00
0.00
0.00
0.00
0.00
0.00
0.00
0.00
0.00
0.00
0.00
0.00
0.00
0.00
0.00
0.00
0.00
0.00
0.00
0.00
0.00
0.00
0.00
0.00
0.00
0.00
0.00
0.00
0.00
0.00
0.00
0.00
0.00
0.00
0.00
0.00
0.00
0.00
0.00
0.00
0.00
0.00
0.00
0.00
0.00
0.00
0.00
0.00
0.00
0.00
0.00
0.00
0.00
0.00
0.00
0.00
0.00
0.00
0.00
0.00
0.00
0.00
0.00
0.00
0.00
0.00
0.00
0.00
0.00
0.00
0.00
0.00
0.00
0.00
0.00
0.00
0.00
0.00
0.00
0.00
0.00
0.00
0.00
0.00
0.00
0.00
0.00
0.00
0.00
0.00
0.00
0.00
0.00
0.00
0.00
0.00
0.00
0.00
0.00
0.00
0.00
0.00
0.00
0.00
0.00
0.00
0.00
0.00
0.00
0.00
0.00
0.00
0.00
0.00
0.00
0.00
0.00
0.00
0.00
0.02
0.03
0.05
0.07
0.08
0.10
0.12
0.13
0.15
0.17
0.18
0.20
0.22
0.23
0.25
0.27
0.28
0.30
0.32
0.33
0.35
0.37
0.38
0.40
0.42
0.43
0.45
0.47
0.48
0.50
0.52
0.53
0.55
0.57
0.58
0.60
0.62
0.63
0.65
0.67
0.68
0.70
0.72
0.73
0.75
0.77
0.78
0.80
0.82
0.83
0.85
0.87
0.88
0.90
0.92
0.93
0.95
0.97
0.98
1.00
1.37
1.73
2.10
2.47
2.83
3.20
3.57
3.93
4.30
4.67
5.03
5.40
5.77
6.13
6.50
6.87
7.23
7.60
7.97
8.33
8.70
9.07
9.43
9.80
10.17
10.53
10.90
11.27
11.63
12.00
12.37
12.73
13.10
13.47
13.83
14.20
14.57
14.93
15.30
15.67
16.03
16.40
16.77
17.13
17.50
17.87
18.23
18.60
18.97
19.33
19.70
20.07
20.43
20.80
21.17
21.53
21.90
22.27
22.63
23.00
24.07
25.13
26.20
27.27
28.33
29.40
30.47
31.53
32.60
33.67
34.73
35.80
36.87
37.93
39.00
40.07
41.13
42.20
43.27
44.33
45.40
46.47
47.53
48.60
49.67
50.73
51.80
52.87
53.93
55.00
56.07
57.13
58.20
59.27
60.33
61.40
62.47
63.53
64.60
65.67
66.73
67.80
68.87
69.93
71.00
72.07
73.13
74.20
75.27
76.33
77.40
78.47
79.53
80.60
81.67
82.73
83.80
84.87
85.93
87.00
98.47
109.93
121.40
132.87
144.33
155.80
167.27
178.73
190.20
201.67
213.13
224.60
236.07
247.53
259.00
270.47
281.93
293.40
304.87
316.33
327.80
339.27
350.73
362.20
373.67
385.13
396.60
408.07
419.53
431.00
442.47
453.93
465.40
476.87
488.33
499.80
511.27
522.73
534.20
545.67
557.13
568.60
580.07
591.53
603.00
614.47
625.93
637.40
648.87
660.33
671.80
683.27
694.73
706.20
717.67
729.13
740.60
752.07
763.53
775.00
777.00
779.00
781.00
783.00
785.00
787.00
789.00
791.00
793.00
795.00
797.00
799.00
801.00
803.00
805.00
807.00
809.00
811.00
813.00
815.00
817.00
819.00
821.00
823.00
825.00
827.00
829.00
831.00
833.00
835.00
837.00
839.00
841.00
843.00
845.00
847.00
849.00
851.00
853.00
855.00
857.00
859.00
861.00
863.00
865.00
867.00
869.00
871.00
873.00
875.00
877.00
879.00
881.00
883.00
885.00
887.00
889.00
891.00
893.00
895.00
882.07
869.13
856.20
843.27
830.33
817.40
804.47
791.53
778.60
765.67
752.73
739.80
726.87
713.93
701.00
688.07
675.13
662.20
649.27
636.33
623.40
610.47
597.53
584.60
571.67
558.73
545.80
532.87
519.93
507.00
494.07
481.13
468.20
455.27
442.33
429.40
416.47
403.53
390.60
377.67
364.73
351.80
338.87
325.93
313.00
300.07
287.13
274.20
261.27
248.33
235.40
222.47
209.53
196.60
183.67
170.73
157.80
144.87
131.93
119.00
122.48
125.97
129.45
132.93
136.42
139.90
143.38
146.87
150.35
153.83
157.32
160.80
164.28
167.77
171.25
174.73
178.22
181.70
185.18
188.67
192.15
195.63
199.12
202.60
206.08
209.57
213.05
216.53
220.02
223.50
226.98
230.47
233.95
237.43
240.92
244.40
247.88
251.37
254.85
258.33
261.82
265.30
268.78
272.27
275.75
279.23
282.72
286.20
289.68
293.17
296.65
300.13
303.62
307.10
310.58
314.07
317.55
321.03
324.52
328.00
325.88
323.77
321.65
319.53
317.42
315.30
313.18
311.07
308.95
306.83
304.72
302.60
300.48
298.37
296.25
294.13
292.02
289.90
287.78
285.67
283.55
281.43
279.32
277.20
275.08
272.97
270.85
268.73
266.62
264.50
262.38
260.27
258.15
256.03
253.92
251.80
249.68
247.57
245.45
243.33
241.22
239.10
236.98
234.87
232.75
230.63
228.52
226.40
224.28
222.17
220.05
217.93
215.82
213.70
211.58
209.47
207.35
205.23
203.12
201.00
197.87
194.73
191.60
188.47
185.33
182.20
179.07
175.93
172.80
169.67
166.53
163.40
160.27
157.13
154.00
150.87
147.73
144.60
141.47
138.33
135.20
132.07
128.93
125.80
122.67
119.53
116.40
113.27
110.13
107.00
103.87
100.73
97.60
94.47
91.33
88.20
85.07
81.93
78.80
75.67
72.53
69.40
66.27
63.13
60.00
56.87
53.73
50.60
47.47
44.33
41.20
38.07
34.93
31.80
28.67
25.53
22.40
19.27
16.13
13.00
12.83
12.67
12.50
12.33
12.17
12.00
11.83
11.67
11.50
11.33
11.17
11.00
10.83
10.67
10.50
10.33
10.17
10.00
9.83
9.67
9.50
9.33
9.17
9.00
8.83
8.67
8.50
8.33
8.17
8.00
7.83
7.67
7.50
7.33
7.17
7.00
6.83
6.67
6.50
6.33
6.17
6.00
5.83
5.67
5.50
5.33
5.17
5.00
4.83
4.67
4.50
4.33
4.17
4.00
3.83
3.67
3.50
3.33
3.17
3.00
2.95
2.90
2.85
2.80
2.75
2.70
2.65
2.60
2.55
2.50
2.45
2.40
2.35
2.30
2.25
2.20
2.15
2.10
2.05
2.00
1.95
1.90
1.85
1.80
1.75
1.70
1.65
1.60
1.55
1.50
1.45
1.40
1.35
1.30
1.25
1.20
1.15
1.10
1.05
1.00
0.95
0.90
0.85
0.80
0.75
0.70
0.65
0.60
0.55
0.50
0.45
0.40
0.35
0.30
0.25
0.20
0.15
0.10
0.05
0.00
0.00
0.00
0.00
0.00
0.00
0.00
0.00
0.00
0.00
0.00
0.00
0.00
0.00
0.00
0.00
0.00
0.00
0.00
0.00
0.00
0.00
0.00
0.00
0.00
0.00
0.00
0.00
0.00
0.00
0.00
0.00
0.00
0.00
0.00
0.00
0.00
0.00
0.00
0.00
0.00
0.00
0.00
0.00
0.00
0.00
0.00
0.00
0.00
0.00
0.00
0.00
0.00
0.00
0.00
0.00
0.00
0.00
0.00
0.00
0.00
0.00
0.00
0.00
0.00
0.00
0.00
0.00
0.00
0.00
0.00
0.00
0.00
0.00
0.00
0.00
0.00
0.00
0.00
0.00
0.00
0.00
0.00
0.00
0.00
0.00
0.00
0.00
0.00
0.00
0.00
0.00
0.00
0.00
0.00
0.00
0.00
0.00
0.00
0.00
0.00
0.00
0.00
0.00
0.00
0.00
0.00
0.00
0.00
0.00
0.00
0.00
0.00
0.00
0.00
0.00
0.00
0.00
0.00
0.00
0.00
0.00
0.00
0.00
0.00
0.00
0.00
0.00
0.00
0.00
0.00
0.00
0.00
0.00
0.00
0.00
0.00
0.00
0.00
0.00
0.00
0.00
0.00
0.00
0.00
0.00
0.00
0.00
0.00
0.00
0.00
0.00
0.00
0.00
0.00
0.00
0.00
0.00
0.00
0.00
0.00
0.00
0.00
0.00
0.00
0.00
0.00
0.00
0.00
0.00
0.00
0.00
0.00
0.00
0.00
0.00
0.00
0.00
0.00
0.00
0.00
0.00
0.00
0.00
0.00
0.00
0.00
0.00
0.00
0.00
0.00
0.00
0.00
0.00
0.00
0.00
0.00
0.00
0.00
0.00
0.00
0.00
0.00
0.00
0.00
0.00
0.00
0.00
0.00
0.00
0.00
0.00
0.00
0.00
0.00
0.00
0.00
0.00
0.00
0.00
0.00
0.00
0.00
0.00
0.00
0.00
0.00
0.00
0.00
0.00
0.00
0.00
0.00
0.00
0.00
0.00
0.00
0.00
0.00
0.00
0.00
0.00
0.00
0.00
0.00
0.00
0.00
0.00
0.00
0.00
0.00
0.00
0.00
0.00
0.00
0.00
0.00
0.00
0.00
0.00
0.00
0.00
0.00
0.00
0.00
0.00
0.00
0.00
0.00
0.00
0.00
0.00
0.00
0.00
0.00
0.00
0.00
0.00
0.00
0.00
0.00
0.00
0.00
0.00
0.00
0.00
0.00
0.00
0.00
0.00
0.00
0.00
0.00
0.00
0.00
0.00
0.00
0.00
0.00
0.00
0.00
0.00
0.00
0.00
0.00
0.00
0.00
0.00
0.00
0.00
0.00
0.00
0.00
0.00
0.00
0.00
0.00
0.00
0.00
0.00
0.00
0.00
0.00
0.00
0.00
0.00
0.00
0.00
0.00
0.00
0.00
0.00
0.00
0.00
0.00
0.00
0.00
0.00
0.00
0.00
0.00
0.00
0.00
0.00
0.00
0.00
0.00
0.00
0.00
0.00
0.00
0.00
0.00
0.00
0.00
0.00
0.00
0.00
0.00
0.00
0.00
0.00
0.00
0.00
0.00
0.00
0.00
0.00
0.00
0.00
0.00
0.00
0.00
0.00
0.00
0.00
0.00
0.00
0.00
0.00
0.00
0.00
0.00
0.00
0.00
0.00
0.00
0.00
0.00
0.00
0.00
0.00
0.00
0.00
0.00
0.00
0.00
0.00
0.00
0.00
0.00
0.00
0.00
0.00
0.00
0.00
0.00
0.00
0.00
0.00
0.00
0.00
0.00
0.00
0.00
0.00
0.00
0.00
0.00
0.00
