18200.63
17667.58
17615.82
18117.11
17561.22
17511.07
16870.67
16146.16
15599.63
15714.39
15794.48
16799.93
16334.54
17054.88
16694.45
17419.99
17209.77
17288.07
17342.53
17333.67
17357.04
18328.89
18150.32
18178.27
18358.89
19137.93
19123.13
19443.72
18967.77
19544.10
19322.28
19217.79
19289.34
19045.72
18694.53
18445.29
18716.74
19212.28
18853.54
19052.90
19429.37
19818.38
20728.95
20170.93
20206.98
19882.82
20150.89
20979.45
20998.72
21599.97
21790.34
20750.92
19952.45
21064.52
20817.57
20805.02
20764.51
20687.59
20743.65
21846.46
21051.35
20650.22
20325.46
19945.48
20839.87
20264.57
21054.85
21690.31
22143.16
21847.03
22142.22
21653.14
21654.50
21725.46
20869.51
21152.47
21547.45
22000.65
21717.53
21619.45
22449.61
21520.32
20870.82
21079.68
21160.19
21528.86
21531.38
21255.52
20810.57
21074.95
20920.30
20783.38
20112.67
20265.45
19903.86
19488.31
19237.38
19677.74
19013.84
18959.20
18808.25
18710.74
18322.79
18374.63
17622.69
17630.37
16673.94
16478.48
16005.42
16795.69
16567.81
16520.07
15908.80
15905.49
16157.77
15825.20
16867.70
17282.46
17971.60
17310.39
17320.51
17515.55
17638.92
17403.60
17942.71
18106.32
18686.47
19306.73
19633.85
19743.20
19564.73
19207.18
20099.58
20463.18
21620.51
21408.33
21072.22
21667.31
21629.70
21654.56
21967.61
22313.63
21517.76
21593.81
21991.37
21964.01
22825.92
23219.69
22564.53
21580.24
21783.71
22433.89
22873.27
22494.44
22966.02
22241.11
22219.15
22155.08
21560.98
21308.21
22156.16
21321.70
21025.97
21168.08
21687.71
22000.20
21052.43
20862.09
20192.49
20608.12
19721.88
19836.11
19424.11
19784.42
19989.75
21169.25
21553.38
21551.43
21579.79
20900.05
20735.78
21754.90
22499.25
22343.62
21483.24
20969.75
21589.08
21604.74
21619.73
21626.69
21688.91
21167.14
21015.80
20779.59
21008.04
20811.37
20828.88
20047.00
19542.36
19270.97
19633.76
19705.93
19512.60
18662.47
18463.92
18353.10
17921.39
17852.41
17457.14
16227.87
15987.96
16023.70
15988.44
15814.85
15528.05
15557.07
15407.05
15960.66
15812.79
16356.79
16011.75
16633.49
15909.62
15616.92
15930.87
17577.01
17862.82
17584.74
17319.81
17294.09
17861.65
17964.01
19921.47
20382.43
20510.30
21671.62
21244.76
21026.90
21039.21
22116.17
22030.04
22770.58
23194.63
23094.30
24449.16
24179.25
24204.56
23629.47
22630.60
22411.11
22915.69
22877.68
22569.16
23186.49
22906.74
23268.76
23049.57
23052.67
23001.80
22365.18
22522.78
21456.85
21457.87
20472.62
20352.00
20806.64
20874.27
21104.96
19417.79
19921.54
20493.98
20521.34
19930.45
18635.43
19679.67
20609.83
22068.51
22308.66
21460.63
21327.06
21606.10
22921.19
23846.46
23895.81
24105.56
23004.40
23048.30
22894.59
22510.62
22061.37
22181.32
21990.90
21444.83
20815.11
21751.24
21991.74
21591.02
21093.09
21920.69
20496.76
19940.66
20404.67
20040.93
20285.96
19826.08
19626.93
19124.60
18914.59
18064.06
17639.18
17277.64
17416.33
18982.95
17947.64
17314.35
16904.50
16817.41
17046.66
17745.31
18198.81
18092.06
18894.21
21158.93
20599.98
20591.93
21764.64
24042.49
21346.14
23671.39
26243.46
26454.45
24907.21
25900.26
26110.27
26222.02
26258.78
26011.82
27313.95
23781.98
24477.73
28401.49
27898.84
27186.35
28399.81
27962.13
27442.97
28601.90
28823.31
27794.99
29928.04
29782.90
26948.76
29643.60
27786.34
29223.80
27024.57
27110.54
27513.38
28207.35
30691.91
32085.80
32549.16
33382.63
33196.05
32809.83
30482.49
30496.58
31211.68
32706.95
29373.11
29778.57
31420.41
28804.93
30368.42
31405.96
32951.73
35888.41
36388.93
31137.06
31204.34
27466.65
27399.96
31261.87
32194.28
31154.40
30442.65
31673.06
33681.37
32885.74
34494.86
36590.03
35009.54
35353.16
32701.55
31503.99
31061.04
35907.57
37989.37
38535.35
36160.61
36897.50
39270.63
35567.74
35033.44
35714.10
36254.92
37880.53
43390.87
43680.63
44775.23
43994.70
38279.04
42491.41
45724.85
49413.07
51833.60
48097.80
50349.92
44387.93
40927.91
35807.69
32057.30
34154.06
33204.84
33280.55
32126.79
31571.05
30376.66
32284.44
33606.85
36015.77
36697.38
31215.54
30636.97
33113.89
35948.36
37798.54
40361.34
39769.51
39135.21
36824.69
43802.07
42872.91
41842.06
42486.99
41817.96
40044.86
42134.76
36357.15
41576.03
41904.77
39914.87
43221.75
40296.95
39056.20
38239.40
36763.23
41201.08
36400.36
36769.07
35129.56
36073.48
33494.57
34519.55
35115.74
33346.44
29616.89
32837.92
37447.16
35738.66
37170.86
35952.34
35405.74
40125.64
37640.10
38000.09
35181.53
41112.52
39477.81
41068.74
37329.93
37366.76
29807.30
29828.53
31247.62
28975.32
31154.54
30226.69
27452.35
29232.15
29026.39
25741.63
25815.67
33707.80
32865.04
36839.51
35318.77
36730.96
33591.19
30699.40
30559.95
32075.40
31624.91
25506.96
25013.19
25692.19
23758.37
24366.30
24682.91
22450.73
15023.53
14102.84
17002.97
12373.32
9595.67
8435.50
7645.41
10442.28
9000.39
5969.38
6596.75
11276.51
8430.01
10056.66
8266.68
11689.15
12094.80
15930.52
12074.10
13444.11
12603.69
12089.18
15959.16
8410.66
11219.20
16084.16
10873.32
12098.37
8716.19
1751.16
4513.37
3531.08
-192.45
1287.80
-500.51
1861.68
2325.05
1268.11
1747.59
-1273.55
-328.24
-1167.83
-2440.41
1431.59
-1146.80
-1407.35
-3806.82
-3492.43
-7785.36
-4680.77
-8627.79
-6777.29
-8558.22
-7351.03
-7820.39
-10489.54
-12616.02
-18500.84
-17141.94
-14521.64
-18854.90
-16987.72
-16041.06
-19956.45
-21342.93
-22444.31
-21845.84
-18687.25
-22316.60
-23027.51
-21549.05
-23710.73
-21462.32
-22795.72
-23779.56
-22672.71
-24604.34
-24602.53
-25610.05
-23387.48
-23086.72
-21570.46
-21076.07
-22185.60
-28850.35
-27572.20
-26649.11
-25799.20
-25974.52
-26657.54
-27685.95
-25452.74
-30293.26
-28378.05
-25578.76
-24734.64
-22490.06
-20220.26
-21887.48
-22804.07
-20969.24
-21271.02
-21308.96
-19430.76
-19997.32
-20314.55
-19684.73
-19759.87
-21560.56
-22259.00
-21217.61
-22588.91
-25245.51
-26831.27
-29383.89
-23076.49
-27204.68
-25921.75
-20391.86
-19191.60
-18825.47
-16029.85
-13349.93
-12166.68
-10462.44
-12629.26
-11405.70
-11647.27
-10097.15
-12527.18
-16480.58
-12343.28
-15927.36
-19338.70
-18350.17
-22732.70
-21228.67
-17662.67
-18924.63
-14974.54
-15020.91
-13106.84
-11941.78
-13051.63
-11368.68
-2968.26
-6618.17
-6984.62
-6982.63
-6534.80
-3284.12
2675.02
6708.17
1463.97
-4487.29
-2611.15
-3516.16
-4755.93
-3260.61
-3862.38
-1771.76
2528.08
2517.06
5533.66
7101.25
7312.25
5142.86
5794.96
6889.69
10169.59
11193.46
14689.51
11229.79
11352.52
4724.78
8759.29
7511.58
2506.50
305.37
1125.24
2710.74
4429.48
4188.07
3711.33
1936.64
-1790.64
-5591.44
-4959.93
-8116.05
-5395.51
-4742.42
94.09
-3155.27
-2254.74
2111.61
9434.83
9929.53
12493.25
10698.59
10146.38
10294.37
11210.42
22701.41
24262.88
29786.79
33093.09
36419.12
34189.60
27168.84
27853.82
21326.23
20362.24
17272.50
17567.61
16732.32
18804.53
18384.13
16172.18
12553.82
11726.86
7796.97
8822.51
13466.16
21807.85
16801.25
21535.97
22704.70
17080.27
18807.28
24271.53
24135.44
20481.88
23610.09
26692.96
32060.09
36618.02
36235.58
32291.43
22724.19
20888.20
23066.14
22031.13
21568.07
22678.46
21983.98
19975.54
22350.58
25883.00
25495.12
25180.89
21603.47
23604.34
15005.99
18359.73
14500.20
21565.71
17061.35
16691.80
12524.28
14912.70
10616.96
11191.74
17047.21
18560.58
17769.86
19308.50
18937.22
18894.11
17242.66
19373.86
16933.64
17473.41
19833.85
19829.74
23862.04
20144.90
21729.91
20331.99
18728.25
16948.54
19293.05
17183.13
13983.53
16601.60
13611.49
17455.33
14398.28
17468.35
15056.71
17156.07
12516.99
17814.73
15325.79
21942.77
17814.18
20238.15
18940.48
18795.87
19192.08
19002.38
26122.12
21685.51
11686.89
11747.89
12843.56
12806.15
13317.31
16586.40
17503.16
11660.55
13385.65
16560.57
12720.98
9063.52
11530.16
13439.37
12956.00
13987.00
13493.35
22978.69
21148.74
19459.47
17862.15
13121.71
11655.45
14095.05
14822.77
15794.78
18045.70
23144.51
20656.58
22694.73
19854.58
14595.02
13758.41
12668.41
10271.19
10022.65
10595.83
10776.17
10446.97
10271.85
13570.95
7952.74
10041.84
9687.70
5179.08
6145.53
5750.22
7809.39
6590.23
11879.80
8929.16
10398.50
3943.98
9487.58
3885.46
4009.55
5676.25
6307.98
4768.67
5658.93
3256.28
4631.14
9242.03
8689.04
9270.63
8255.68
9016.18
6716.58
7699.13
10840.01
10183.18
9393.42
11440.83
11351.06
10067.12
9238.58
10209.37
13732.71
8553.66
11656.19
8893.13
11978.28
10843.51
11934.67
11885.58
14606.75
8856.22
12426.04
15624.71
9558.69
8286.20
8272.56
8075.39
8086.44
10107.70
8716.00
8697.36
8496.99
11472.19
8966.47
7903.77
16858.88
11370.30
15334.44
13823.24
10564.50
8045.97
11920.66
11270.27
12869.02
12500.77
14226.57
13677.48
17230.42
16145.44
14343.82
11310.22
14609.37
14619.43
15896.34
14467.40
16660.90
16312.20
14181.93
16984.38
17823.61
19402.44
18416.30
21387.48
23157.10
21364.47
20053.72
22100.46
23831.23
22614.56
23286.07
23233.09
24858.25
23489.58
26487.45
25480.80
26682.83
26029.27
27609.88
27146.07
29538.24
26834.11
30962.81
29703.90
33691.57
28082.92
33032.93
37812.47
35984.28
38888.29
38919.78
35674.12
34910.23
35018.06
36543.90
35548.63
34215.47
36847.67
36114.01
33262.08
32521.35
28950.44
28691.58
31835.06
29846.99
29232.12
30604.50
30376.31
35113.17
33871.99
33957.39
31484.48
34156.98
35575.07
38619.60
34117.02
35165.48
35693.29
34842.27
36028.43
34520.57
33890.18
32837.19
33499.00
31655.41
31709.71
28289.61
30742.02
31642.13
33692.65
30914.83
31424.35
33473.22
28047.36
34287.72
32408.95
33848.31
31012.26
33630.23
33237.22
34971.07
33176.54
34798.21
35228.48
36788.87
36207.46
33737.44
36169.65
37225.45
34952.88
38308.18
38621.79
35687.73
39969.09
42491.87
41409.09
42557.40
44383.66
45738.00
46890.49
47165.61
44277.63
51272.28
47604.44
55055.19
51043.49
50902.66
48051.42
52499.98
49261.56
49791.16
49755.08
53434.42
56388.45
56605.34
53650.48
58063.13
61336.42
62017.90
63314.23
62572.60
64463.19
61604.17
64850.09
61379.61
62019.55
65930.49
69244.27
70714.35
65403.11
61601.58
60477.21
64815.94
60443.18
61487.93
60912.32
67273.55
62219.15
66512.07
67229.08
66291.05
61014.18
60495.52
59634.83
62315.23
57485.99
59577.12
66069.51
66180.42
70559.55
68540.12
68926.20
67987.66
69674.28
70088.07
73248.14
72924.47
70027.25
76172.04
74743.37
82653.47
83777.74
85764.36
83027.78
86132.27
86009.14
84563.14
82729.94
84781.69
80162.45
78241.21
82108.65
83511.04
86066.88
85813.57
84160.22
85286.83
89442.57
89644.94
91503.91
91888.65
91423.65
90126.38
90958.24
89982.81
88658.18
92239.36
91346.39
93937.38
91158.92
89940.34
95079.34
97857.70
99170.33
99702.63
100587.29
106078.50
103303.79
101164.54
100932.75
105100.25
102461.19
104082.98
101366.50
99186.87
90091.97
91206.81
98687.94
101428.11
106208.04
104954.78
107273.37
110184.47
107256.56
108139.07
106253.63
112599.19
109049.66
111115.50
112338.41
109847.86
108624.57
107892.41
112530.39
115487.11
117333.32
120926.68
121540.81
123472.00
123335.53
121549.34
117718.92
123448.42
116161.80
122818.30
125058.00
122276.21
126201.38
127782.46
127818.24
129402.94
128147.53
128076.49
129135.86
126960.94
125646.00
126601.75
128022.70
129564.85
124362.52
118461.25
114753.43
116950.74
121428.14
124593.52
122427.13
127146.99
124192.53
121221.57
116314.57
112294.97
107961.33
109577.37
108668.90
109364.92
105577.02
104086.71
105698.32
101825.40
103928.46
98457.99
94820.64
97790.88
98288.41
96945.61
96072.06
96723.51
97223.63
94418.72
95822.43
97059.03
95272.51
100199.02
98530.50
97869.52
96243.55
94959.90
95782.96
96221.71
91248.00
89630.04
86676.25
89232.02
83236.17
82327.13
79534.01
79936.62
78642.27
78715.48
78920.33
77826.51
79940.25
77862.66
76845.72
79517.27
80341.57
82278.83
83238.88
84127.65
80891.59
80557.68
80680.65
78962.25
78258.74
77591.12
71574.02
73189.69
72337.87
72779.89
71954.15
70193.01
72017.31
71288.29
69987.01
69784.16
71228.80
70845.46
71291.05
75314.23
72550.84
70936.49
67903.10
66238.12
64886.05
64180.00
64492.39
64002.53
63148.70
63423.34
61750.58
60879.22
59032.30
61181.69
61890.31
62132.76
60503.85
61802.25
64607.67
63434.42
62336.58
62431.90
60305.37
59785.34
60831.94
59520.14
59650.17
62058.17
61361.46
56333.07
57804.24
57825.78
56954.89
57808.89
59159.72
57972.23
58212.65
59779.33
61988.12
62428.45
61599.25
61460.46
63494.94
62817.69
63442.39
63604.85
62283.63
61055.46
58251.01
57823.29
57055.60
58259.42
57750.17
57975.00
59015.67
58021.48
59987.89
59534.36
59941.58
61360.55
61582.73
61526.38
61096.90
61288.55
62975.03
61456.02
59202.63
58440.49
58526.11
58832.57
57856.02
57385.98
58010.86
56904.50
52777.46
52960.41
50431.98
52772.52
53075.53
51979.27
52107.13
51604.07
51390.23
51185.44
52213.36
51012.80
51421.70
49242.09
48484.64
48032.55
47511.30
46975.83
46903.69
46911.40
47405.45
47496.95
47243.52
46604.79
45560.23
45720.72
44642.68
44169.88
43125.19
44235.15
43758.09
43368.19
44201.85
43763.98
43182.25
45348.50
45357.23
45771.95
45182.36
45696.88
45293.47
45736.45
45946.78
45364.39
45381.88
44925.67
45273.59
44241.55
44212.67
43200.76
43241.49
43663.61
43042.39
43272.21
42549.34
42489.35
41948.99
41298.68
41318.44
41105.44
40841.47
40642.72
41098.97
41863.37
41498.51
41194.09
41701.63
41859.65
42056.43
42648.68
43027.06
42610.40
42649.69
42727.71
42750.75
42723.75
43090.89
42838.71
42466.04
42168.75
41315.32
41545.36
42389.67
42302.56
41584.60
42075.33
40140.14
40960.69
41770.16
41527.67
41879.90
42086.64
42378.24
42218.63
41865.79
41510.53
40176.10
39490.07
39510.55
39008.88
38637.74
38198.99
38714.85
36285.63
36339.93
35340.91
34512.33
34556.79
34297.37
33569.21
34264.34
34485.98
34420.86
33587.77
33935.34
33562.80
34533.59
33845.95
33406.49
33012.08
31924.32
31870.81
31491.98
30930.16
31604.16
31196.55
31418.55
31289.00
30490.66
30614.79
31078.31
30283.96
30244.20
29888.75
29653.63
29202.19
29760.56
29082.58
29516.61
29289.67
28894.14
28544.35
28331.99
28867.76
28398.02
27759.94
27324.73
27301.83
27595.76
28808.30
28982.21
28067.24
27674.33
27744.04
27417.36
26830.02
26998.10
26129.58
25580.76
25371.27
24641.05
25002.79
24975.28
25560.86
24797.17
24810.36
24887.01
25944.22
26168.94
26978.62
26302.81
26626.44
26977.36
26115.22
26154.49
27140.21
26139.40
26611.80
26791.95
26808.33
27159.70
26853.61
26403.44
26100.96
26260.73
26089.02
26076.11
26180.99
26949.42
27336.99
28294.27
28245.61
27666.89
26748.81
26763.75
27269.52
27601.05
27382.65
27127.28
27505.52
27249.24
27342.04
27502.83
27268.70
27016.98
26155.80
25255.24
24752.19
25097.72
24620.30
24118.26
23856.13
23793.90
24563.31
23857.41
23526.83
23847.92
23935.19
23828.77
24699.10
23809.06
23667.37
24252.07
23954.28
23792.76
23600.80
23631.94
23212.38
23161.71
23043.95
23100.11
22926.93
22554.42
22517.64
21305.65
20549.06
20692.09
20954.03
20508.94
20756.29
20688.71
21056.12
21583.80
20443.66
20668.91
20802.93
20727.77
20950.47
21604.75
21892.13
22229.12
21637.77
21876.47
22061.54
21695.67
21164.08
20231.78
19622.22
20646.75
20005.84
19681.67
19500.00
20527.82
19560.08
19132.29
19592.02
19461.62
19894.39
19544.87
20141.43
21342.79
20569.94
20704.64
21057.80
21899.02
21518.33
22044.49
21867.36
22271.32
21875.32
21814.32
21476.93
22042.32
21640.84
21555.17
21606.08
21469.16
21142.06
21239.60
21375.36
21501.14
21041.02
20898.15
21646.98
22080.42
22167.02
23382.49
23220.08
22713.85
22119.50
22011.41
22944.14
22578.25
21785.95
23111.49
22000.98
21156.62
21411.45
21741.58
21220.24
20172.67
19895.98
19819.64
21020.03
20641.85
20297.21
20464.86
21222.02
21985.09
21088.47
21050.15
21086.86
21300.57
21422.92
21911.15
22183.09
21891.77
21682.86
21907.25
21025.22
21032.41
20687.85
20640.11
20626.59
19736.43
19762.68
19305.54
18568.44
18101.61
18274.65
18110.70
18543.38
19138.98
19511.47
18926.77
18788.80
18520.54
18575.05
18843.91
17891.89
18815.32
18643.83
18021.68
18979.17
19068.70
18891.89
19002.49
18446.54
17908.18
17850.76
17311.66
18118.09
18360.37
17980.44
17715.38
17446.69
17974.59
17877.45
18794.88
18581.03
18599.85
18656.30
18711.35
18690.79
18643.66
19448.01
19950.24
19432.23
19560.86
20935.98
20284.56
20561.91
20645.31
21451.84
21374.66
22821.71
22143.73
22542.14
22366.63
21832.06
20212.79
20246.02
20378.29
20614.70
24187.33
24769.44
25148.48
25800.92
27498.25
27607.01
26074.18
25593.47
26661.18
25026.49
25781.95
25472.06
24088.68
24289.17
24918.80
26446.61
24605.58
22328.80
22789.60
22243.31
21206.71
23510.24
24457.38
24903.03
24875.01
24144.08
24319.91
23670.74
24774.35
25494.46
27708.21
25668.79
25861.00
25948.45
24754.49
24181.94
25803.52
24954.56
26115.93
26700.01
26726.39
25282.00
25154.15
24242.87
25981.04
26205.46
25003.88
25168.39
25297.23
25916.07
26073.58
25111.47
21077.57
20967.00
20956.10
23115.50
22756.39
23056.94
22872.96
23360.96
24575.42
24175.12
23779.31
24077.02
24248.49
25235.20
25007.37
27131.03
25615.19
24163.17
25553.35
24747.47
22948.50
26572.83
26499.73
26399.83
24526.87
24376.66
24125.88
25548.62
25617.73
26713.31
32338.42
31905.61
33636.05
36834.89
36969.66
34605.57
34056.00
33088.89
31013.83
30166.27
31095.16
31802.96
31476.75
32479.30
29011.24
30996.12
31414.10
33718.16
34672.30
36072.88
33799.90
33919.07
37865.97
40694.48
37872.41
41323.02
45672.97
41686.70
41251.68
33765.01
33944.23
35834.40
37535.23
39313.55
41093.87
39984.51
36770.55
34421.77
34815.24
30043.98
29426.70
29896.30
29556.34
31199.96
29558.81
31909.66
30606.57
31824.93
33225.71
30952.62
30420.37
31422.58
33066.68
28224.03
29778.21
32146.76
32093.35
32233.96
33066.67
33015.66
29793.78
30188.82
31132.74
29279.97
29331.96
28819.13
29145.84
30945.44
29583.55
30472.66
30852.02
30472.56
35178.69
37580.77
38449.76
32771.38
31580.04
28330.97
27257.52
27729.59
27151.75
29144.37
30683.11
33415.84
33406.21
30309.07
30199.29
33044.20
32145.73
32259.55
33467.20
26862.21
29280.02
30560.95
30784.00
35537.17
30913.21
34082.89
30851.11
25751.79
30119.06
28106.16
28099.85
28126.71
27342.09
28525.77
28075.53
33389.19
29857.05
29428.58
33884.63
32713.81
32811.70
34520.34
35556.45
36826.49
41526.08
37097.49
39181.61
35817.28
33637.45
35037.31
30575.63
29281.25
24735.99
25783.52
22010.33
21016.45
20234.03
19794.83
20957.98
21019.14
22839.67
18727.96
17937.78
18226.83
19239.72
19915.69
22216.26
23862.31
20632.11
15810.30
16498.56
17554.96
13771.50
12745.10
12980.21
11969.95
16342.85
16356.91
14646.00
15837.06
16625.29
20547.73
20455.24
18491.73
17133.92
17375.35
18931.78
14631.76
11887.48
10217.87
10338.66
12122.45
14650.95
12453.72
13590.19
18708.79
14607.14
12967.04
10868.24
7624.68
11567.35
9582.31
11040.73
9581.86
8968.69
10248.67
11345.32
10611.61
12594.28
12363.09
10732.25
9972.03
9620.16
14704.84
12421.13
9698.89
7143.63
5426.13
6689.98
7795.28
6174.36
6999.15
6996.92
12757.71
11622.48
10280.73
9565.62
11656.56
14500.63
10094.34
12560.71
10994.59
9953.17
13769.61
12246.07
11719.77
12884.38
14858.73
11299.85
9776.02
12241.69
11695.13
11674.76
10666.70
8707.92
10771.83
10514.63
10539.71
7654.89
9789.83
8406.46
9781.94
9137.79
9421.81
11206.05
14000.26
15068.65
11836.63
18197.18
12273.70
17547.27
20540.19
18741.54
15645.17
16524.44
22574.54
19895.63
19425.44
20120.04
19314.57
24141.02
19494.82
22471.46
21497.27
20780.83
20229.71
15691.28
16135.11
15531.37
15623.76
15084.54
18729.46
18592.44
18707.49
20652.68
20722.45
22460.04
20060.91
24317.24
21222.82
30168.58
28672.23
29236.90
31512.77
35111.87
33675.11
33884.89
32480.83
39704.94
35260.51
34090.19
36907.40
31186.52
35087.69
33934.95
30274.02
27058.87
21756.32
15550.90
12433.67
13790.34
12080.24
18173.47
11890.07
15330.16
14514.21
14785.72
17235.05
21983.14
22680.37
24745.78
25498.90
22681.96
20505.08
19824.06
17147.52
18070.78
14462.40
15318.08
21489.09
19968.40
21373.68
25716.26
29270.91
27027.15
30955.67
33288.58
28831.72
28919.54
33731.19
38734.91
34501.45
36974.87
34271.94
37251.76
39604.33
45024.55
47627.44
55243.33
63976.37
61776.09
58966.80
66344.53
60373.71
64670.34
62645.92
60874.75
64739.48
66974.63
65159.88
71243.18
65404.72
64908.52
69246.79
63214.25
61429.56
59323.42
57448.94
56515.18
53435.95
52216.88
55875.66
57884.39
62376.07
63872.55
65379.38
53770.52
59135.28
63117.34
59987.20
62644.13
64980.61
62875.02
60833.65
61105.13
56619.94
59978.04
57414.19
57225.45
49803.09
52484.16
54814.59
56913.38
63069.18
65520.91
70083.24
71502.95
69648.86
63644.21
66005.45
68290.23
69992.67
70294.46
66583.03
60818.41
66184.80
69934.32
70980.15
65539.84
61347.44
60608.47
57553.88
55826.09
59236.52
55908.44
50643.61
51678.18
51698.53
48719.35
45755.58
40879.09
36297.51
34236.95
34157.03
32361.66
32727.59
36512.00
34556.42
32816.53
28322.94
26235.02
26037.64
30471.48
36641.02
32353.25
28654.86
30757.10
36057.72
41034.91
32639.77
34845.88
33764.54
35064.95
33646.23
38884.59
38110.70
41939.22
46154.14
41579.07
34250.03
31275.35
32568.31
35955.10
35457.42
34381.49
38860.78
38510.87
39579.89
34601.87
34675.42
33840.04
42818.36
34948.95
36422.22
36460.75
32243.43
32564.20
36965.85
41721.16
34122.12
39059.72
39482.88
38281.35
37344.30
35941.54
35307.75
32648.29
36651.65
35431.80
35883.42
38046.18
34649.01
41420.33
47457.19
45003.27
48049.16
45482.62
46014.88
43165.95
47134.83
45069.95
44744.83
45991.95
45283.24
45843.51
45737.64
50846.91
50573.02
52109.75
52887.86
53065.69
50570.74
47808.28
47512.62
49609.61
50782.03
50669.88
51361.17
55516.69
52123.68
49726.28
49773.93
45876.67
46833.49
43297.32
44119.50
44646.60
46313.98
43801.62
41295.81
39605.60
40399.88
42372.73
38040.63
38745.18
35466.10
37210.11
37444.45
42889.74
38240.73
37098.43
37732.30
30849.09
30241.29
33585.11
36765.61
40823.63
34874.21
35955.33
32589.69
31316.89
31271.91
29342.91
31018.78
29005.40
28831.40
24204.25
26171.51
25613.49
27014.80
31110.88
29292.38
24536.13
29720.69
29084.71
29338.28
29803.74
28296.75
31030.28
31874.66
32356.76
29666.16
28084.06
28671.57
29514.66
26598.09
29583.33
23698.74
23745.43
23454.69
26991.11
25863.94
25327.94
31919.70
24534.59
27500.03
28934.95
25285.36
25928.86
24368.40
25845.90
26902.61
28341.40
28824.14
25535.03
26255.81
27460.50
28437.61
27082.79
24414.82
26215.17
29440.28
31881.87
28322.52
28897.89
28070.74
33790.88
31194.12
32813.14
30544.58
29611.38
33092.09
31278.90
34740.67
31569.48
33420.11
33475.42
30426.27
32032.28
33120.58
36860.48
40454.94
38565.27
37064.02
36925.05
38754.17
35660.20
35722.18
40281.51
35009.28
38067.90
34185.45
32912.89
30492.90
34374.05
30251.90
32097.41
32506.51
31637.00
32763.85
30543.68
30295.24
31386.91
34473.53
33187.61
31979.03
29163.14
28383.76
29069.17
27480.05
29121.86
28641.78
27145.71
30771.69
27271.03
27153.77
28070.30
27980.23
31736.58
24701.62
27713.41
25587.83
25158.84
26548.10
26037.29
26765.30
28798.36
29099.90
26400.92
25543.84
26314.29
26140.04
26725.24
27591.28
25906.55
28523.62
30208.48
28915.06
28970.89
28611.71
30698.30
35286.31
33624.79
31116.06
30202.45
29752.49
35175.05
32128.95
36671.56
30501.11
33204.80
34152.64
35637.97
33544.05
35478.88
35893.86
34281.24
33032.81
35475.17
34620.01
33350.72
31107.08
32081.24
33606.73
30824.89
31207.12
32931.94
33872.24
35433.22
40401.28
37790.04
41886.12
42915.49
43407.16
44713.42
40833.80
46523.94
45779.22
49649.62
45427.31
49090.44
45560.15
45534.51
42807.68
41745.01
40766.44
41593.98
42908.22
43579.94
43744.53
46177.84
47078.28
51431.00
54180.38
52882.15
56047.30
55174.32
56019.74
50808.45
53920.82
55397.41
55381.66
57167.08
57794.10
56547.84
62456.21
61306.17
57877.42
63036.07
62158.41
66104.99
66232.24
64492.23
63309.76
66690.88
69463.38
73112.45
68061.60
72897.78
74037.74
72012.79
72533.42
72569.58
72940.15
65342.82
76004.01
72893.71
72077.39
80331.54
81109.60
80612.53
80440.66
76415.63
82153.52
84139.47
84515.15
86888.67
86272.65
94814.65
87878.47
87096.35
82355.71
86661.41
89373.25
91104.59
89254.16
94306.59
93940.97
94546.84
90430.98
90920.51
90359.44
92828.00
99259.71
96125.07
96125.31
98111.02
98390.31
102351.62
99226.29
99197.68
100699.40
95720.98
93980.00
90093.57
90655.53
86683.67
89452.75
94497.83
91842.60
95080.04
93283.44
91438.13
90128.52
88883.00
88960.69
90592.36
92651.69
93391.85
91939.40
92590.77
96287.24
96600.32
102466.95
97568.91
104127.02
102114.16
105792.37
102798.34
103441.61
104679.08
106808.09
106096.35
106118.15
107133.50
111275.16
109496.03
106566.59
108828.35
107646.24
111542.26
110323.28
115391.00
115942.75
115092.12
112966.14
112363.14
109068.84
110602.99
112132.07
110174.31
114448.84
112253.10
112074.97
111582.58
110310.82
108138.38
109275.67
105371.11
110257.27
114255.60
113663.75
116926.91
118816.98
117438.11
121959.54
123560.96
124047.14
127621.38
123081.87
122677.22
122369.26
120238.45
118428.06
121075.70
119714.12
119326.86
120158.55
119596.42
120660.29
122783.69
123259.93
122675.59
120251.32
115461.90
110879.50
106781.84
103261.03
97119.89
94710.14
93038.00
94901.50
94181.99
95528.25
99230.73
97854.43
95885.11
95719.08
93258.74
91830.04
93947.84
93490.18
89725.62
91098.65
93468.07
94803.87
93410.62
92440.23
91825.20
94096.84
94307.00
93539.01
90895.26
89803.37
91014.21
87882.82
87030.12
81433.47
81375.46
82837.87
80539.47
75795.91
73461.03
72195.45
71238.93
70292.08
74510.20
73500.27
72422.55
72964.92
68770.25
70854.07
71005.17
70862.05
68985.48
67445.86
67362.45
70287.73
71195.33
70547.88
71445.93
70789.03
66059.01
65748.80
63105.95
62223.47
63365.31
63819.00
66929.25
67416.88
67988.91
67635.52
66481.06
62611.50
62466.53
62531.98
61820.44
61601.53
61587.50
61639.87
59624.99
59235.78
60088.91
58068.66
58177.10
57663.12
57688.67
58643.63
58748.79
59035.40
56891.68
57181.07
56303.03
56583.81
58517.50
60242.46
61612.71
61657.81
61808.35
58687.52
58705.55
57808.58
57966.56
58581.10
58237.17
57798.32
59791.71
61128.57
61479.03
61281.76
60005.77
58225.32
53254.85
53066.25
50926.07
50873.48
50292.38
50542.74
50848.23
49983.35
51466.40
52881.39
52578.86
49868.51
50269.16
49456.25
48390.84
47536.96
47442.94
47259.57
47102.27
47260.24
47257.46
48499.82
49134.97
46663.32
46715.19
46240.81
45814.01
46069.84
46455.12
46201.95
46505.85
46304.37
45318.17
44798.48
44525.56
42541.03
42804.79
42384.98
42468.66
42862.20
42129.22
41455.28
42403.77
42564.34
42106.86
43656.29
43644.03
43401.88
43418.95
46576.14
46407.54
46116.32
45166.91
44919.14
45030.14
44526.86
44676.72
43980.86
43971.66
44092.48
42337.62
42137.18
42103.62
42533.72
42564.39
42929.71
43188.83
42535.60
42785.69
42530.61
42312.48
41944.34
41678.34
41266.32
41612.02
41739.14
41115.17
41652.30
40730.05
40883.96
40990.36
40425.66
40960.61
40288.41
39552.46
39325.14
39046.32
39324.11
38375.67
38682.91
39123.54
39151.80
38694.17
38624.61
39216.72
38521.02
38283.99
38202.78
37940.77
37839.11
37132.84
37290.46
36470.65
35953.17
35914.66
35930.50
35104.76
34755.25
34492.62
34167.63
34505.80
34428.32
33968.19
34367.82
33785.32
34268.08
33811.25
33124.28
33339.21
33167.23
32885.60
32418.44
33301.61
32380.69
32024.07
32230.08
32521.20
32066.74
33153.62
33058.64
32973.19
31724.48
29501.27
28855.61
29349.27
29277.17
28734.77
28743.74
29959.20
29840.73
30169.49
29134.39
29265.19
29462.96
29529.74
29196.00
29694.94
30096.15
28688.51
28376.98
28635.94
28777.19
29953.91
29873.01
29351.01
28474.48
28559.82
27809.35
27856.22
27523.25
27080.64
27518.94
27580.50
27718.11
28116.25
28436.58
27738.79
27779.20
27415.44
27108.12
27270.13
26956.71
27104.07
27121.24
28006.72
28010.55
27163.42
27249.83
26740.20
26689.60
26971.28
26702.11
27001.20
26999.89
25986.85
26165.59
26247.29
25678.65
25589.63
25186.95
26191.32
26470.95
25971.90
25716.08
25346.79
25770.95
25348.89
25425.62
24606.76
24943.62
24847.79
23887.13
24234.69
24150.93
24024.72
23453.26
22812.37
23664.08
23831.17
23758.49
22935.59
23104.37
23411.96
23056.66
22619.05
22560.79
22730.34
22100.57
22328.64
22090.13
22441.02
22384.78
22979.40
23384.87
23431.97
23189.07
22313.29
21874.22
22262.02
22527.21
22140.56
22426.74
21496.08
21377.67
21185.93
21736.14
21406.58
20356.68
20703.03
20872.79
20915.46
20591.24
21158.34
21148.62
21645.64
21554.82
21777.38
22008.31
22171.53
21789.41
21879.42
21738.39
22191.91
22164.30
22788.17
22718.93
21632.90
21828.56
21475.50
21903.00
22306.48
22140.30
21688.85
21928.18
21540.55
22279.62
21896.98
23062.38
22636.11
21868.29
21841.22
22414.61
22232.30
23305.30
22146.65
22257.06
21565.16
21580.67
21927.38
20999.28
21543.68
20822.64
21438.06
21493.90
21067.61
20153.21
20088.82
19568.73
19221.95
19738.25
19629.43
20471.67
20285.77
19944.64
19353.68
19308.02
19125.43
19165.49
19577.77
19573.21
19451.29
19289.88
19736.13
20402.62
19885.81
20084.53
20661.70
20037.94
19324.11
19006.44
18955.67
18503.20
19222.09
18864.56
19243.25
19745.69
19040.97
19563.90
19750.42
19691.51
19604.34
19150.07
20037.09
19809.98
19352.86
19511.11
20255.72
20173.41
19970.15
20545.09
19597.73
20630.76
19685.20
20094.83
19990.91
19439.33
20438.46
21432.61
20820.39
20499.24
20693.89
21030.72
20884.17
20970.03
20142.67
20788.29
20040.94
19777.01
21082.97
20745.21
20683.90
20693.17
20931.35
20602.67
20505.99
21034.27
20720.32
20277.73
19883.92
20358.29
21049.66
20268.24
20770.67
20426.89
19540.43
20758.75
20701.31
20725.22
20860.35
20779.03
21146.37
21298.97
22035.10
21467.99
21247.87
21608.83
21119.91
21133.04
20955.89
20504.81
21922.65
20560.61
19948.92
20841.30
20119.42
20434.03
20619.11
20693.48
20597.63
20115.93
20211.78
19558.95
19809.00
20976.47
20387.27
20911.05
20699.44
21359.35
22207.55
22877.82
22169.23
22764.62
23088.39
21354.96
20938.38
21200.63
20601.00
20358.83
20724.45
21301.78
20435.11
20393.89
20120.29
21173.13
21457.78
22155.57
22095.67
22209.51
20976.59
20655.88
20184.37
20358.07
20518.98
20587.49
20592.12
22903.36
22785.65
22930.60
22370.86
21404.33
20697.41
21461.12
21708.02
21305.20
23238.82
24156.68
24545.53
24444.08
23865.26
25584.76
25019.44
25100.18
24405.77
25251.69
24065.49
22320.87
22849.20
22623.35
21586.77
22259.75
22910.40
22563.98
22728.42
26327.36
26686.07
25902.62
25719.26
25017.15
22625.37
22535.78
21014.32
22312.43
22040.94
23670.77
26704.98
24437.58
24842.86
26154.76
25658.08
25815.94
25016.27
25543.45
25311.01
25110.88
23688.19
24981.65
24858.51
28496.94
27170.33
28694.64
31491.24
30914.00
33149.38
33430.41
35989.60
38691.97
40849.50
41595.71
40884.49
39122.56
38409.51
37489.62
33660.78
34744.86
34370.00
30329.82
29643.88
30250.90
31902.15
31714.58
32182.65
33767.34
35246.92
37168.67
28038.98
26551.72
28034.45
31306.69
30672.25
31002.14
34797.89
32159.50
35084.41
32689.32
35176.77
34284.39
35299.94
38028.84
42420.73
38700.36
41928.99
42887.00
40941.41
39706.29
36544.34
34848.33
32926.46
36397.87
36890.17
35975.46
37116.74
37198.16
42330.22
40026.76
40230.80
37331.66
34152.66
33544.79
32657.82
34422.02
29592.13
24238.33
25006.86
25551.76
25220.74
23541.82
20158.26
21166.20
24953.34
26515.43
32908.62
31566.16
28273.54
25753.35
24539.37
24688.49
23706.66
20686.76
21712.83
15396.40
12336.66
14145.13
10364.14
14555.77
14119.68
10017.21
14146.19
11585.52
10642.59
12149.17
14004.59
9397.60
10021.16
11475.44
8111.87
6318.47
5461.43
-1628.28
-1028.11
-3278.89
-5049.86
-5616.00
-3941.22
-8919.98
-7954.90
-8402.86
-9587.27
-8545.43
-6383.54
-6310.05
-11202.63
-12089.47
-12390.45
-14038.32
-17531.60
-18192.41
-17795.59
-19161.33
-17413.49
-16986.92
-20029.33
-20968.26
-22825.52
-22515.58
-32619.58
-33399.16
-33963.22
-36760.78
-32787.10
-38734.15
-39616.47
-36749.65
-34889.69
-38644.97
-37183.49
-39536.60
-44961.33
-44483.77
-46287.92
-50772.44
-54341.52
-51413.83
-55511.54
-54978.08
-55544.11
-54043.62
-51705.27
-53306.89
-55866.25
-53578.56
-54283.30
-55990.68
-60150.87
-59675.12
-59505.79
-62824.40
-63710.20
-67085.15
-68749.94
-68381.40
-70987.25
-73879.09
-73871.86
-72712.23
-73002.03
-76437.77
-77217.51
-79020.19
-85606.61
-87344.87
-84797.83
-86438.89
-86614.30
-86939.73
-88053.19
-88447.28
-88939.17
-87452.69
-88849.81
-86259.31
-83914.74
-90962.15
-88107.48
-87949.32
-90475.61
-89127.92
-90769.52
-91824.36
-91719.89
-96118.36
-95289.67
-95027.27
-93624.08
-94128.80
-94858.50
-97957.86
-102169.68
-100747.18
-95851.52
-99026.42
-96532.26
-98289.73
-99219.71
-98928.71
-101310.85
-100468.69
-96491.45
-98258.26
-102203.54
-104654.47
-106143.94
-107402.62
-106419.28
-105846.83
-104488.00
-108712.66
-107887.59
-109895.92
-110827.00
-111381.75
-113338.52
-110782.25
-110147.73
-112601.32
-111384.34
-116751.36
-117753.25
-117893.40
-120526.68
-120998.74
-121141.85
-121083.40
-124907.16
-126550.27
-128099.13
-129910.57
-128016.59
-133521.36
-131991.53
-128686.87
-129673.06
-131918.22
-130209.73
-131354.85
-130112.07
-130248.99
-125295.96
-127636.27
-127789.16
-128273.76
-128911.13
-130887.17
-134906.15
-138918.43
-135912.50
-135961.63
-140978.95
-142756.91
-141117.09
-143565.86
-147045.71
-140923.91
-143659.10
-145699.09
-147341.05
-147657.04
-149174.05
-147492.96
-144336.28
-144301.54
-144133.74
-144800.46
-145010.94
-150976.82
-153218.52
-153498.04
-147215.77
-150663.27
-146700.18
-147203.39
-150248.11
-150595.08
-157329.64
-158822.69
-150126.94
-151460.55
-155057.79
-154338.95
-154797.14
-158747.11
-163354.00
-163458.29
-165023.87
-164472.04
-159563.25
-164867.30
-157870.30
-154740.05
-160320.30
-159807.50
-161152.52
-162522.09
-158552.61
-153070.42
-154690.59
-152254.89
-150598.39
-155506.24
-153932.95
-158610.28
-157411.39
-163047.67
-165912.70
-165718.50
-165149.18
-166554.81
-166577.78
-165257.74
-169535.29
-170553.29
-172554.82
-173434.90
-178578.69
-173523.56
-173932.50
-175130.70
-167273.40
-167529.86
-168847.46
-168246.71
-169286.16
-169276.65
-170945.42
-171532.98
-172978.54
-169489.84
-164648.94
-170678.46
-163272.89
-170317.33
-173421.87
-170981.73
-167591.71
-168801.61
-165718.99
-164895.30
-167110.02
-165477.55
-162156.48
-163221.03
-169790.21
-163739.79
-164003.11
-162917.35
-159875.20
-158680.14
-151086.97
-144553.68
-139929.03
-136947.83
-141205.73
-138707.28
-134888.35
-134395.47
-132863.94
-136870.69
-138192.34
-139872.35
-137696.00
-140632.71
-134445.89
-138064.11
-140422.54
-144280.54
-141434.44
-142264.52
-143593.80
-140013.50
-139420.48
-143582.29
-139253.27
-140585.42
-143616.68
-140020.44
-136642.19
-134721.45
-139427.15
-138880.79
-139602.68
-144064.28
-138461.34
-139685.41
-140344.01
-139525.17
-143988.36
-146555.42
-146967.09
-150031.23
-147197.69
-147896.67
-141846.43
-144990.43
-142746.09
-143007.75
-139764.80
-144560.17
-143104.05
-143535.22
-143817.87
-152121.72
-150170.77
-146929.83
-148818.32
-144963.56
-143097.90
-137959.59
-129720.55
-130433.34
-125942.79
-130185.47
-125507.82
-120061.12
-117570.08
-117456.53
-114899.61
-117515.19
-115564.97
-114826.69
-115837.34
-114080.34
-111709.95
-110539.23
-112114.89
-115283.05
-110709.74
-112684.48
-106126.33
-108444.77
-112420.20
-114513.82
-112338.02
-111867.43
-112997.89
-111919.50
-111101.55
-105288.64
-104656.72
-104352.21
-104615.64
-100641.36
-99782.79
-99724.43
-96392.89
-97536.42
-92884.16
-95349.72
-90243.88
-93968.42
-95179.03
-94413.58
-94170.40
-97851.21
-97303.30
-95394.12
-94153.31
-91620.45
-90320.04
-93426.40
-95761.28
-97130.13
-96664.13
-94496.40
-95197.20
-89595.93
-90387.59
-90320.94
-88232.89
-86132.35
-89270.03
-87818.16
-92590.58
-92398.87
-83575.74
-86913.51
-90195.91
-94779.82
-92176.45
-96547.51
-96381.76
-99523.73
-99650.37
-91025.50
-90807.84
-89232.89
-88874.78
-85911.38
-89248.78
-89335.48
-87200.31
-87798.95
-88538.36
-84390.61
-81409.22
-82747.13
-82659.79
-80668.29
-80391.88
-82060.83
-81622.17
-81392.54
-73662.86
-77225.64
-72772.40
-72253.35
-71127.53
-68349.79
-67176.66
-71264.49
-71334.28
-72025.57
-72361.92
-71153.28
-72004.51
-71893.93
-72627.19
-75722.89
-74103.00
-71987.24
-73409.04
-73331.39
-72034.15
-68065.60
-72303.12
-69941.64
-63766.10
-64560.17
-65002.17
-62827.14
-62513.77
-62742.88
-59854.18
-58714.18
-58486.58
-58345.79
-57656.33
-59004.23
-55032.52
-53567.68
-56440.46
-55560.97
-51142.30
-50714.97
-51610.11
-55794.21
-53161.42
-50712.68
-51513.55
-46656.60
-44974.43
-46077.08
-44214.56
-40753.95
-42347.11
-40844.96
-40093.10
-41035.11
-33573.45
-33815.69
-37233.07
-37036.04
-35547.10
-36344.79
-31109.21
-35859.84
-35722.68
-34141.82
-32334.24
-29746.15
-29174.30
-27021.80
-24456.84
-27467.65
-24773.12
-23693.17
-24305.31
-21151.38
-20073.47
-20274.09
-19733.34
-19867.93
-19055.25
-15568.77
-17605.60
-16177.97
-15330.03
-14739.40
-13415.85
-13238.44
-10199.40
-6332.62
-7906.62
-8396.72
-8687.22
-6198.24
-9526.32
-8000.29
-6801.46
-7348.06
-4762.94
-5082.23
-4233.04
-3945.54
-3264.92
-3030.92
1652.51
-1966.03
-3013.05
-268.35
55.21
40.96
-126.96
1345.13
3046.36
-1289.40
-445.37
1899.57
2009.48
6005.95
5967.42
2880.55
5475.20
6489.10
9663.44
9352.58
11153.53
12532.19
16025.56
12968.98
16121.77
18525.88
20345.01
22870.01
22982.19
23962.10
26628.77
24889.40
25459.82
30614.10
32295.72
28969.65
31502.05
32508.61
30942.00
31116.99
30843.20
35054.68
36581.58
36086.36
36444.49
40256.99
38900.41
37784.43
38168.15
37934.91
39310.88
36199.99
40036.28
37715.80
38244.56
38177.96
40301.03
38903.85
38606.45
41551.93
42038.01
39714.93
41088.76
41946.90
45582.66
44264.89
44935.48
45108.05
44578.89
45987.39
46286.18
45620.69
43842.91
47962.92
45129.70
44815.69
46219.59
47007.08
54097.84
52553.67
52933.63
52025.30
54008.58
51166.59
53996.00
57101.54
61160.13
62406.76
60252.17
63847.66
63478.34
64553.08
63395.98
61203.43
62608.26
62211.14
64937.72
66675.68
66484.07
66553.88
65370.12
66157.42
68018.79
65673.30
65857.50
65974.50
68670.25
64586.57
64428.24
64777.12
65537.29
70422.75
74697.56
69265.94
71161.90
73199.45
71799.04
71338.67
70044.96
66481.99
72178.27
71130.22
71341.97
71773.66
72424.38
76213.90
73547.11
80138.87
80630.40
82428.32
81446.78
82480.46
85737.20
87985.24
89075.18
91509.71
92131.75
91328.46
91528.82
86030.15
84003.22
83320.37
85067.28
83159.81
82506.36
80390.47
77398.02
81281.77
85030.89
83806.01
88021.09
89701.69
87473.39
96248.50
94841.01
98885.39
101198.42
107502.68
103017.51
101057.33
108019.05
101730.47
105594.99
108211.73
109703.01
106397.30
107979.61
111736.04
109901.00
111433.21
107952.91
109232.39
112888.60
113110.96
111002.08
112964.23
123422.91
127208.56
122074.47
121718.62
128869.23
128348.32
128040.66
128640.06
127488.33
123757.93
120380.85
122802.03
122000.72
120850.69
118602.84
113340.79
113737.30
113165.61
111791.45
114606.62
117024.53
114764.61
117865.19
120026.57
123346.54
120668.41
118168.83
120283.92
115978.84
112371.87
107087.57
104569.90
102098.67
101277.79
105528.17
97589.54
97156.87
98918.66
95445.95
93446.01
93803.10
95454.54
100565.49
98797.70
99029.07
98451.85
98684.86
93018.00
89205.67
90489.04
88004.20
89881.88
93997.57
89638.20
87745.61
90820.87
95485.10
91216.48
88994.18
84658.97
80344.82
82749.29
82969.33
80609.35
81902.65
86210.10
90242.56
92683.62
92547.76
91899.48
91561.04
95341.79
92147.41
91046.62
96280.32
93573.08
91086.40
90989.73
95568.99
94892.51
92303.26
94755.18
97068.14
94120.18
99443.54
97176.15
95463.90
92484.35
97330.59
96327.74
97918.82
95650.53
95535.65
94485.57
92974.64
92349.81
93523.30
95996.07
96930.27
98266.60
95325.49
93817.81
93720.06
97545.47
97828.10
99214.18
96651.88
94323.30
90125.44
87470.51
86706.26
87799.24
82628.91
83103.66
83129.23
83114.63
83010.47
82704.34
81319.69
82342.08
82263.15
82713.65
83398.47
83621.14
80856.76
80703.74
78816.40
80008.71
74784.58
75512.38
71039.48
69639.28
69545.90
69233.64
68315.46
66609.25
66148.60
66138.98
65990.26
67138.37
69459.08
68455.50
68994.70
68348.01
66787.58
66448.93
66694.53
66601.05
66508.19
65383.02
65224.98
67123.39
67215.22
66795.57
66033.54
61053.12
60870.55
60310.49
59916.53
57995.00
58558.26
58982.60
58449.91
56459.86
56093.49
56156.37
54891.47
54327.65
55484.98
54921.07
54841.01
54427.03
54201.91
52279.29
51112.53
51391.99
54143.32
54753.75
55174.94
52337.00
52603.26
51443.45
51246.22
50313.36
50104.28
50442.22
50771.05
50329.96
49826.68
50376.42
48710.12
47926.98
48078.26
48397.26
47787.28
47695.72
47658.17
47715.09
47997.17
48469.20
49067.28
48089.24
47841.33
47449.95
46746.63
46574.35
45566.86
45115.48
44242.46
44425.44
43375.86
43863.53
44236.17
44117.62
43507.80
43844.32
42484.07
43454.99
43526.85
42661.17
45383.47
44990.24
44486.45
44811.98
44228.21
43440.92
43592.96
43136.95
42296.97
41737.31
42353.20
42288.95
42175.77
42263.82
42001.56
41490.99
41155.08
41384.18
41014.24
40773.16
41186.48
41153.69
41211.29
40979.98
42591.55
43063.61
42192.04
42558.54
42349.46
42207.18
41813.01
41213.02
40881.84
40455.49
40429.58
39104.63
39320.22
38839.03
38833.12
38478.78
38369.35
37791.38
37631.93
37264.41
36457.49
36770.12
37312.48
37500.81
37849.13
38490.41
38570.64
37683.97
36959.54
36710.06
37684.21
37409.12
37502.89
38811.26
38591.16
38260.10
37955.78
38017.41
37710.72
37622.69
38026.99
37987.96
37417.10
37341.43
37780.01
35651.70
35612.89
36243.00
34877.42
34463.94
34323.46
33953.93
34226.10
33581.59
33643.12
33750.88
33222.60
33043.47
32578.14
33822.25
32924.27
32751.88
31709.19
31491.31
31344.50
31026.09
30455.21
29958.92
30259.95
30112.72
29924.26
29545.19
29019.60
29314.56
27653.20
26925.13
26426.64
26049.25
25859.44
25952.46
26045.37
26012.28
26160.40
26045.27
25980.25
25531.49
25713.14
25928.07
25984.08
25576.96
25534.24
26373.00
26277.57
26002.87
27277.88
27302.13
27526.25
27659.78
27441.94
26694.85
27431.56
26977.28
26823.31
27055.07
26952.35
26987.70
26965.47
26950.65
26698.41
26725.91
26758.11
26807.12
27342.98
27326.01
27324.72
27087.82
26230.39
25954.55
26501.83
26886.52
26653.85
27727.04
27191.22
27521.28
27190.95
27286.53
26912.39
26256.89
26821.30
26958.11
26434.89
26191.62
26360.83
27297.61
26836.84
27967.88
27978.93
28533.96
27594.02
27132.22
26953.42
26289.30
26573.53
26853.66
27512.75
27693.80
27196.51
26721.41
26243.55
26791.12
25538.12
25372.94
24689.32
24555.09
24109.87
23657.86
24402.60
24122.54
23799.94
23757.02
24027.22
23944.82
24091.04
23159.25
22591.36
22368.60
21883.62
21840.65
21702.41
22216.55
22132.81
22062.02
22163.34
21581.82
20986.81
20750.62
20933.69
20885.14
20090.27
19894.85
20063.33
19824.76
20185.22
20189.47
20424.80
20294.94
20648.59
20708.09
21247.72
20453.88
21204.99
21435.00
21166.88
21475.04
20461.01
21468.02
20685.01
20630.35
20602.30
21272.74
20776.86
20508.57
20262.52
20888.84
21492.20
20969.27
21027.24
20816.59
20976.88
21202.32
21299.62
21540.55
21768.01
21725.03
22164.01
21345.64
21339.92
21568.04
22000.57
22302.90
21510.53
22001.76
22329.62
22971.77
23286.66
23374.64
23502.77
22878.86
22321.98
22351.84
22215.00
21926.79
22515.53
22124.00
21172.10
21085.59
21154.11
21081.60
20580.13
20318.47
20626.06
21147.69
20695.62
20289.21
19998.53
20323.46
20224.43
20391.50
20877.43
20528.03
20109.60
21242.82
20594.95
20358.78
19855.36
19426.02
19549.23
19202.90
19495.38
19562.78
19878.65
19103.75
19656.22
19654.78
19261.58
19378.57
19292.46
18733.61
19165.91
18838.16
18573.04
18870.49
18525.51
18073.90
18145.36
18391.13
18765.69
18325.71
17929.12
17660.23
18028.45
17590.95
17708.82
18066.07
17823.09
17949.01
17401.97
17689.47
17306.10
17468.68
17395.52
18335.64
18904.70
19584.88
19494.24
19463.72
18997.72
19106.19
19519.78
19724.73
19832.66
20610.71
20318.79
20581.64
20704.13
20631.21
20690.46
21016.62
20446.30
20838.09
20661.78
20525.14
21573.43
21952.72
22386.75
22042.74
22811.50
21805.27
22068.51
23341.73
22927.65
22851.67
22159.81
22443.81
24186.16
23961.72
23852.41
23983.13
23713.19
23725.57
26844.24
25609.51
25256.06
25351.11
24728.10
22952.45
22890.40
22237.17
21212.74
21138.15
21600.31
21811.98
22303.70
21497.40
21767.02
21069.23
20630.23
20371.72
20878.73
21003.63
21889.73
21148.35
22454.76
22320.57
23507.84
23367.85
22967.26
22688.84
23208.54
21673.74
23284.32
22747.16
22736.00
22876.31
22565.55
22098.45
21965.93
23383.66
22091.14
25079.31
22546.22
25982.33
25296.08
27209.56
25954.86
25368.54
25532.89
26571.16
24592.87
24718.98
24703.81
24912.91
20634.82
20113.61
21454.17
19817.28
22581.32
22758.35
23709.43
23926.55
24279.65
22825.58
22876.74
26185.27
25937.63
26275.52
24528.01
24662.21
24311.55
24605.45
24670.41
25955.66
27069.15
27339.87
29306.87
29756.21
31524.10
32902.06
33711.53
32113.40
32326.30
31173.73
31694.58
31449.27
30784.43
30201.92
29728.10
30677.94
32535.21
34187.85
34168.69
34566.49
31577.73
28386.85
29664.74
33500.70
32116.06
32743.51
34064.72
33332.37
36615.18
35612.36
32579.40
32014.00
32737.25
31272.48
28676.28
28824.42
27759.31
27349.79
26790.68
28885.52
29566.88
27408.55
27595.68
27615.46
26368.89
25821.68
26619.03
34088.22
34412.24
38804.81
41339.50
40030.03
38127.80
38693.88
38884.41
35305.80
33691.21
33633.09
31764.57
31195.41
31444.92
30983.01
32863.28
28511.11
25395.99
27720.21
27551.62
22561.90
21687.00
19355.75
17371.07
18533.91
17263.30
14694.76
12734.39
10958.38
11333.26
9742.82
9117.90
9413.67
7213.75
7862.21
9099.95
10064.00
6691.05
5300.06
5154.99
7044.27
6675.68
7224.86
9130.97
7277.22
6188.99
6098.36
6708.67
8249.35
4836.35
1146.44
4523.61
1604.31
-2236.60
-1616.34
-4455.40
-3062.96
-7517.88
-10856.48
-7300.80
-8548.13
-13984.98
-14618.84
-15650.38
-14520.30
-19981.90
-16381.95
-15338.17
-18090.80
-19690.72
-19425.13
-19521.90
-16762.07
-18435.80
-20356.16
-16212.74
-19307.64
-20934.55
-24111.93
-26691.20
-27622.27
-30355.77
-31845.38
-32082.21
-32394.45
-34167.33
-35705.49
-36758.54
-34090.40
-39640.41
-37058.76
-39211.47
-41035.62
-42060.78
-42148.08
-40912.47
-37930.61
-40963.69
-42423.37
-45501.21
-46109.63
-49884.87
-51849.91
-51932.07
-51971.29
-52257.46
-57005.88
-54132.97
-56814.87
-55191.48
-55489.63
-54589.58
-53123.13
-54605.83
-52589.70
-51369.71
-55218.66
-56827.81
-58054.69
-58958.12
-54723.96
-59247.23
-60740.55
-62345.47
-66379.47
-66327.68
-64409.18
-66812.65
-67580.99
-67642.28
-67264.67
-69185.95
-71105.51
-72440.03
-72595.68
-69240.57
-72188.74
-73443.92
-78569.04
-77953.81
-80827.56
-77701.33
-77605.45
-79382.79
-79393.84
-77162.51
-81625.48
-83030.91
-84764.13
-84411.54
-83423.69
-86880.04
-84999.50
-89282.02
-90736.68
-89024.38
-90892.54
-93571.73
-93101.81
-93131.31
-88302.11
-97182.38
-97548.84
-95614.29
-97804.55
-94007.08
-100627.72
-99270.66
-97911.05
-103087.42
-103882.17
-103378.28
-106863.37
-105777.41
-106243.51
-104598.25
-109073.20
-109944.94
-112767.72
-112238.33
-111467.67
-115396.73
-116106.47
-120529.13
-118171.08
-122287.57
-121211.57
-119951.13
-123929.01
-123950.00
-119661.97
-117895.44
-117285.88
-121388.90
-117450.80
-116972.14
-121387.43
-119618.27
-124086.97
-123541.25
-123277.54
-123142.26
-122643.59
-122915.45
-120650.41
-117721.76
-121399.50
-117987.10
-115596.47
-118541.42
-115474.41
-114976.08
-116234.32
-115769.70
-118691.53
-118828.37
-112687.51
-120586.07
-121445.55
-119993.24
-120326.68
-124522.27
-123199.45
-121892.59
-120703.62
-117872.79
-121595.45
-120541.67
-121424.06
-121674.06
-120812.85
-115331.37
-113394.68
-114657.23
-117945.80
-117444.36
-120997.89
-123073.95
-125719.89
-127889.41
-120634.72
-124945.67
-124799.31
-123708.90
-123079.87
-123520.67
-123063.39
-127867.46
-125483.33
-129409.36
-121894.06
-122231.56
-120514.85
-119051.54
-121071.45
-116508.63
-118995.19
-120636.32
-118986.50
-115817.08
-116849.28
-110537.48
-111243.42
-110976.06
-109943.87
-107198.34
-114586.38
-114004.31
-110007.04
-108250.38
-103590.91
-107164.16
-103554.36
-107132.00
-102702.69
-92677.97
-99176.55
-99786.47
-102189.53
-100545.98
-100264.54
-105509.91
-106353.57
-103223.26
-102454.78
-101733.06
-108165.55
-109670.09
-108871.09
-106910.15
-107518.72
-101762.64
-105763.23
-102795.52
-103576.15
-102517.58
-96858.58
-102537.92
-99646.06
-93439.49
-86927.43
-88640.65
-88390.32
-88302.84
-90885.22
-90629.44
-95686.40
-94237.01
-99118.71
-92759.05
-94282.29
-95590.80
-92540.18
-94132.11
-90169.35
-87742.93
-90947.04
-85625.98
-82407.19
-92490.18
-87203.57
-83311.79
-86637.82
-90414.46
-88759.79
-85604.46
-90981.69
-86281.25
-85764.12
-87942.83
-83366.19
-83976.52
-88078.52
-89696.24
-89935.17
-92155.92
-93966.99
-89779.83
-89457.45
-87274.03
-83800.66
-92898.36
-96746.10
-96482.87
-92770.65
-92975.86
-99065.46
-105761.55
-109801.35
-111931.45
-109774.54
-112381.99
-110267.04
-111800.08
-109886.38
-106324.11
-106231.90
-107757.68
-104757.96
-103273.16
-97275.99
-102567.73
-103947.19
-105919.28
-106664.92
-106217.86
-105409.88
-109007.28
-111274.43
-112226.11
-111184.98
-110026.31
-109669.74
-108241.07
-107476.59
-107666.89
-102397.39
-102855.10
-101602.04
-98976.05
-100298.15
-94249.78
-90986.38
-92493.56
-91906.12
-91903.04
-91394.28
-86940.76
-90038.84
-83997.17
-86036.87
-87458.40
-87260.98
-91979.65
-91266.78
-88452.64
-89555.64
-88239.34
-86557.31
-84735.98
-81109.75
-80013.56
-82541.84
-79285.84
-85261.02
-81222.28
-83740.01
-82047.00
-79296.20
-84537.21
-80780.07
-78312.49
-79509.60
-81332.44
-84256.40
-84688.90
-88153.94
-87146.03
-88266.98
-86017.28
-85751.92
-80133.22
-79515.20
-78979.90
-78018.00
-79173.67
-77842.75
-72620.57
-71966.46
-69891.78
-71902.66
-80732.16
-79249.28
-79849.12
-79480.76
-77009.49
-78770.39
-69244.59
-75508.27
-75215.79
-72378.92
-72280.34
-68551.61
-69766.54
-69385.67
-67058.34
-69292.94
-68598.22
-67865.21
-65607.36
-66912.64
-62416.32
-60345.30
-61510.71
-60804.06
-61852.15
-59043.68
-58413.34
-58677.77
-57092.92
-54819.33
-53910.80
-54362.80
-55094.84
-53876.31
-52412.18
-52240.81
-50450.51
-52121.68
-47977.09
-49255.32
-45616.49
-40827.78
-44878.47
-43161.06
-41875.11
-42050.20
-44191.52
-42781.58
-40355.25
-37236.09
-39232.90
-36696.55
-35000.27
-37357.74
-31098.76
-32803.46
-30478.71
-28772.30
-28310.28
-28557.65
-27606.43
-26041.98
-23590.06
-24145.23
-24788.85
-23394.50
-25075.56
-24303.07
-22094.31
-25119.16
-22351.36
-19400.72
-19059.35
-18143.08
-16468.80
-18909.70
-18608.33
-17798.71
-17523.98
-16470.57
-16524.05
-15857.93
-15901.71
-16657.36
-12464.79
-10117.54
-5320.56
-12870.04
-10963.08
-8048.48
-11270.71
-12047.54
-13628.05
-13500.49
-9597.08
-10317.63
-8206.21
-5623.64
-7038.66
-6020.29
-4158.33
-5396.44
-5221.21
-4127.82
-2679.34
-2612.62
-5835.09
-6693.98
-4497.05
-3549.49
-3750.49
-1088.27
-3334.16
-1539.30
127.61
-1124.76
2226.78
-895.10
6139.71
2955.29
4014.08
6271.16
2951.17
4742.86
7312.96
3958.45
3426.50
5063.49
6155.96
6685.30
6881.92
8665.90
7419.69
6639.49
10898.37
9770.83
8774.75
14516.64
10683.93
11321.60
10409.59
7609.44
10077.95
8563.65
8714.18
11511.03
13340.35
9858.01
11558.14
8249.34
15686.15
11291.23
14225.23
18559.61
16489.03
15768.11
17740.22
17485.43
18265.83
19884.98
23719.02
25239.27
23124.68
22572.98
23506.27
21545.02
22924.16
20890.37
20897.45
26294.64
24340.79
25937.15
25426.26
25784.31
29013.44
29749.54
35810.31
32846.07
32054.21
33748.03
34044.07
31505.01
31071.05
30354.13
35030.41
36258.25
32918.45
33147.27
35217.17
34817.12
33592.59
31104.18
29571.72
32826.39
32145.49
31695.32
31081.10
30072.61
30650.53
29821.94
33084.12
38356.77
37267.91
34668.16
32998.96
35435.84
34239.88
32540.40
32826.91
35252.00
34728.86
32875.38
35394.24
33700.82
33903.54
32492.83
38698.84
41228.30
42528.49
43895.14
44432.00
45774.53
47052.68
45199.56
46990.39
47492.95
49247.17
47365.18
48389.78
49906.62
54402.34
54957.48
51715.89
54777.65
53374.05
55651.63
55708.76
56738.20
56871.51
60378.62
61961.18
62378.76
58632.66
62644.71
67457.27
62131.50
64069.50
59992.56
64276.22
67245.78
67328.76
70986.05
70344.57
72060.78
75476.79
78148.82
74295.64
75822.31
74686.07
77710.30
74432.79
77200.79
76284.74
74627.62
73960.49
77992.43
73325.25
72467.13
73056.81
73905.62
74948.98
70198.97
75789.54
76928.66
79223.73
78193.10
76902.36
74438.39
80105.17
79369.38
76055.34
80650.09
74676.28
83281.84
90762.46
93819.66
95792.32
94090.44
94534.01
94158.95
94862.95
92197.77
92774.53
97022.95
99721.68
104087.23
104718.65
107637.16
102277.12
101499.86
104745.91
102726.86
105319.07
110261.56
113405.00
119777.47
119825.95
122736.75
125369.22
125556.79
121824.95
122616.87
121275.08
122469.40
119101.59
119724.92
121644.47
123791.05
130833.94
132000.05
127836.50
129057.25
125475.16
124077.19
125547.38
127688.39
131774.52
125325.52
126198.33
125311.47
119897.73
120249.94
116428.81
116622.74
114033.85
113761.16
109590.45
113487.04
108446.42
109614.65
107082.72
113038.25
114765.62
113596.33
112813.29
114172.89
112650.53
109024.69
112640.40
107172.42
111086.44
109576.06
109272.24
109693.12
109743.09
112353.58
116914.08
112125.16
113739.55
108235.81
108729.96
109401.92
109380.89
106478.73
108728.50
107661.49
107452.90
104563.59
107426.72
107072.71
107085.64
106869.20
103631.69
101171.43
106614.28
99500.73
97198.59
97177.44
93450.36
95345.31
94334.54
93935.13
94040.09
96282.74
96858.10
97093.11
99251.35
100769.75
102331.41
102646.64
102347.52
99739.80
97636.06
96354.32
93509.53
94431.73
93389.42
92033.24
90344.09
90817.10
89217.50
90010.05
88742.95
89885.09
86938.25
84893.19
85786.91
84472.59
82156.88
81764.69
81092.90
82111.15
81967.76
79156.37
78663.21
77972.16
79410.83
76761.96
79254.70
78782.47
78656.66
74921.42
76871.94
74644.44
73724.65
75408.70
74880.74
70204.08
69840.84
70941.28
71337.67
77265.36
76412.74
75891.72
76649.31
74674.49
75058.43
75382.37
75797.01
73583.42
69151.67
69372.68
68641.31
67698.51
67037.19
67811.77
67646.04
68347.09
68719.60
67910.70
68025.49
67681.70
68518.79
67164.84
67533.54
65648.25
65974.13
67393.42
69842.76
68641.32
69344.43
68319.17
65849.30
63000.04
62642.41
63076.66
64045.18
63413.78
62378.82
63240.95
58621.07
57301.23
57612.06
57895.36
55901.04
55158.14
54762.16
52653.53
52797.59
53344.85
52631.12
52309.69
52136.79
50954.98
52614.60
53695.99
53382.94
53172.13
52320.72
53056.73
51908.10
51111.38
51040.83
48144.81
50241.36
50427.48
49882.42
50024.71
47871.09
46636.08
47030.28
47280.83
47150.52
46241.38
45775.11
45881.63
45947.39
46093.73
46111.63
45569.21
45023.65
45115.11
43771.73
43334.14
42918.73
42963.58
43407.93
43196.54
43756.20
43902.16
43952.45
43780.06
43930.44
43029.77
43006.61
42874.83
42259.40
42535.71
42614.26
42464.12
43871.23
43866.46
44045.65
43592.98
43307.35
42436.97
42658.14
41773.25
41898.66
41441.69
40998.68
41510.76
41389.23
41654.63
41407.58
41232.71
39655.82
39826.83
39328.43
39252.30
39123.95
39475.07
39068.07
38712.85
38852.18
38360.75
38730.57
40309.73
40071.80
40617.18
39971.50
40173.01
39944.72
39738.15
39452.43
39113.25
38985.45
39299.60
39105.83
38276.33
37677.17
36932.84
35110.46
35583.40
35243.40
35330.65
35056.08
35048.28
35141.70
34691.45
34446.52
33933.07
33086.73
32342.30
32425.36
33382.89
32899.98
32674.38
33777.76
34177.55
33676.96
32478.92
32330.93
32053.97
31637.38
31922.58
31619.69
31923.94
31529.23
32626.70
32098.86
32791.62
32355.89
31766.75
31804.16
31403.73
30946.05
31393.10
30500.42
31179.25
31252.65
31044.92
31894.61
31330.45
31302.23
30832.51
30833.99
30885.76
30445.50
30282.97
30789.32
30697.82
31008.80
31071.26
29391.04
29546.79
29383.55
29232.90
28900.91
28487.35
29316.00
29087.95
28985.96
28109.81
28232.85
29293.62
28950.82
28456.22
28098.13
28786.29
29015.99
28622.53
29042.67
28982.85
28901.20
28438.88
28324.98
28091.03
28150.97
27692.12
27175.18
28163.74
27987.50
28489.11
29372.14
29974.19
29510.36
28835.10
28630.01
28475.18
28791.64
27481.43
27797.15
28036.99
27973.20
27919.70
27728.40
27519.80
26891.42
27199.51
26632.57
26291.88
25896.47
26506.12
27085.93
26110.93
25491.02
25559.69
24997.56
24470.22
24410.62
24431.27
25400.21
25273.30
24766.47
23584.59
24089.51
23880.36
24391.03
24447.41
24105.24
24273.09
24558.96
24647.27
24211.75
24506.79
24455.20
24363.99
25194.31
24524.69
24135.42
23584.62
23711.11
23282.87
24449.71
24279.58
24861.62
24994.96
24504.91
24331.62
25027.91
24812.03
23572.60
23865.89
23280.58
23363.42
23901.32
23411.00
22244.03
22868.50
22557.66
22024.25
21530.82
21514.40
22113.18
21065.04
20627.39
21323.95
21531.74
21865.27
20704.83
20771.37
20455.44
20474.46
21136.97
21130.78
20943.67
20917.76
21086.23
20727.37
20580.89
21531.39
21669.07
21359.46
21229.83
22350.43
21688.86
21378.03
21430.22
22286.18
21834.97
21946.08
21879.42
21841.16
21984.39
21902.27
22386.71
22967.64
22881.22
23605.60
23087.81
22635.83
22212.75
21840.55
21046.47
20848.65
20439.20
19997.93
19690.32
19814.09
18929.53
18796.80
18752.68
18820.34
19612.78
19461.36
19103.29
18895.69
18270.05
18686.20
18653.18
18995.77
18913.87
19158.87
18381.15
18508.61
18283.92
17995.95
17594.21
17923.90
17926.91
17913.29
17832.14
18515.95
18559.72
18655.09
18463.90
17877.28
19044.91
18884.86
19853.22
19222.00
19525.66
19265.13
19207.93
19198.32
20204.55
19839.37
19617.08
19841.86
19990.94
20508.45
20333.82
20354.46
20212.22
20201.69
20235.49
20385.08
20319.25
20022.57
19605.17
19693.79
19415.42
19362.20
19017.88
18797.60
19033.17
18656.98
18858.82
18769.15
18532.56
18684.51
18812.10
18592.10
18164.98
19354.44
19274.74
19337.79
20013.92
19524.25
20149.10
20278.68
20300.01
20287.37
19825.29
20140.45
20032.74
20252.93
21208.11
23286.56
23727.62
22990.00
22806.70
22854.02
23223.51
23989.61
23954.95
24199.75
24331.04
23707.16
24421.74
24044.92
21665.34
21100.30
20474.35
20149.81
20012.70
19477.02
19086.91
19618.97
19056.17
18786.17
19097.39
19340.03
21445.22
21708.17
20825.60
20336.40
20862.53
20929.04
20305.65
20239.96
20475.46
18464.63
19441.25
19210.13
19086.17
18114.39
18392.56
18296.95
18767.93
19301.71
20244.95
20123.07
20058.58
20830.14
19486.77
19129.40
19121.07
18854.60
19082.67
19918.08
20538.98
20783.91
21030.83
21038.40
20931.18
21042.70
24944.21
26640.32
25292.01
26792.69
27090.73
24974.65
25381.45
24422.53
23861.88
24324.04
22009.93
22112.96
22284.97
21680.76
21679.74
22635.31
21748.30
24915.17
24609.13
28025.98
29125.32
29281.09
28642.19
28233.29
27076.42
28231.08
28580.40
27116.64
27691.20
28116.82
25469.35
23945.81
23999.00
24334.43
24745.61
27132.46
27638.10
25782.08
28335.50
29444.96
29972.81
28518.35
27693.98
29583.97
27349.21
28529.57
26469.50
27058.02
24311.50
24424.71
24922.30
27252.17
25710.94
28283.70
29729.10
30187.75
27689.41
32853.44
33839.52
34852.34
33050.74
30949.60
29062.02
29787.06
31956.34
34069.36
32598.04
31492.06
32376.80
31051.82
32256.27
34824.78
34161.16
33906.60
36565.45
35549.46
34892.54
35517.44
41504.36
38972.01
35703.03
36548.25
34287.99
26444.38
25889.83
26604.73
23904.08
23880.82
25841.92
29297.65
28052.09
32232.87
30423.73
33734.93
34038.22
31690.25
29378.62
30920.02
33019.59
30319.22
32143.25
29580.77
29277.20
27963.89
28915.36
27651.23
26367.51
28831.85
32061.86
30184.21
29432.07
28454.44
28061.07
30118.26
28873.68
31795.01
32243.43
33704.12
33622.24
35840.15
34695.06
32542.99
32929.19
32028.57
25902.56
29922.52
27680.63
29446.85
29008.22
27417.18
27618.54
27278.23
29964.40
34603.74
36192.29
37555.85
34801.48
35949.99
37245.59
38936.47
41952.80
44827.05
44491.03
44363.59
38118.39
38767.65
37762.58
36356.95
36689.91
39641.98
37816.73
35150.08
35966.70
36910.95
36396.99
37230.21
37234.80
42486.57
38557.12
37925.88
39309.10
33484.96
35000.98
35671.26
39793.84
37107.73
35353.82
33503.95
33932.55
37624.37
32197.73
32340.66
28766.08
27499.99
27791.77
25185.59
24006.91
24707.89
24106.74
23505.81
21910.58
18230.64
19568.97
19699.65
20304.96
18913.45
16347.27
13979.40
13636.73
14727.35
18004.31
16640.05
17457.89
17061.74
15811.52
15000.52
13813.39
12121.27
9250.34
11779.23
9954.78
7859.46
5338.27
3536.22
993.18
5918.00
6768.59
3912.78
2323.17
2726.26
2231.48
4316.77
4080.96
3063.57
4277.89
2427.03
2169.77
1000.05
-640.05
-629.73
2330.51
1003.84
-2296.68
-5007.68
-5042.16
-7800.42
-11796.67
-8512.05
-11853.61
-17479.46
-21735.79
-25531.92
-31513.51
-35373.72
-37655.55
-42227.93
-51297.59
-53455.12
-58257.60
-64669.98
-70491.90
-72004.87
-76762.37
-85994.00
-87078.83
-94357.59
-99774.89
-103956.87
-108916.01
-113502.10
-118275.09
-124845.71
-128064.16
-129543.95
-132656.09
-137681.54
-145601.90
-147278.41
-154635.92
-158923.93
-164006.92
-168478.35
-173294.36
-179074.44
-184042.35
-185090.78
-190953.14
-197014.78
-203971.44
-201117.82
-210126.70
-215233.43
-221346.05
-226574.77
-230075.83
-235413.83
-235782.88
-243445.86
-250012.06
-254819.92
-258093.09
-265518.75
-269107.64
-273675.66
-278933.91
-281557.13
-286072.27
-292103.56
-301175.07
-293205.94
-293206.60
-295141.32
-298482.79
-299774.53
-295092.83
-294878.58
-299541.99
-296984.90
-296896.44
-290358.76
-294858.02
-288584.70
-288381.14
-288179.36
-287716.78
-288826.10
-290925.88
-292177.57
-292264.97
-293372.23
-294710.76
-295935.57
-296179.55
-296153.80
-292108.02
-295819.08
-295663.36
-297808.59
-296959.84
-294455.49
-300099.52
-295214.84
-296219.94
-300369.81
-301941.98
-298728.32
-306452.96
-301146.62
-300513.97
-297890.69
-303549.03
-300313.95
-302651.83
-302576.78
-307675.95
-308549.18
-312662.91
-313435.38
-314608.02
-311852.33
-311767.49
-318465.72
-318595.04
-317848.94
-310813.80
-310653.51
-311254.70
-310990.53
-319346.87
-316023.37
-303801.68
-296958.91
-290095.73
-285497.44
-280437.88
-273751.54
-261240.96
-257165.03
-249298.62
-245336.98
-241227.12
-238459.43
-235008.35
-226748.96
-221923.82
-216489.29
-209532.88
-204229.77
-200830.63
-191068.43
-188804.45
-183849.78
-176310.42
-174650.14
-166550.42
-158447.34
-155838.26
-148095.66
-144169.39
-133404.13
-132551.41
-125946.95
-124263.90
-121792.69
-114281.40
-108241.87
-109766.27
-102274.31
-86448.08
-81356.03
-74872.35
-72018.80
-65709.93
-60882.75
-47069.85
-37063.80
-32819.99
-25975.71
-20416.02
-14183.44
-8980.82
-6708.78
-1820.91
103.05
6271.82
10791.61
19534.79
28776.47
27784.38
31835.37
31406.17
26170.42
26084.83
25449.82
29038.93
26218.36
23253.52
21661.75
18465.21
19249.00
17586.05
12683.57
11787.79
7553.27
4905.81
2713.85
61.32
2008.17
6877.01
11129.90
7643.92
4049.03
-1426.66
3238.18
-1059.20
-568.09
-4415.24
1448.57
-6105.99
-6189.38
-5436.06
-5260.66
-11992.26
-12067.84
-14980.76
-12045.10
-16657.80
-23656.44
-24689.64
-23679.91
-22698.41
-21303.65
-21987.16
-33747.53
-34550.79
-32357.97
-37438.73
-36624.45
-37323.08
-36084.95
-36975.02
-41477.06
-41023.39
-44626.82
-52297.95
-48393.33
-60314.03
-61050.80
-59066.76
-57141.35
-59652.43
-57179.94
-56505.73
-56817.69
-54979.59
-50512.68
-47943.86
-45652.45
-45840.28
-46473.38
-46568.44
-42461.98
-43376.17
-43835.70
-42237.21
-39585.45
-40250.55
-37216.69
-42091.55
-40984.92
-33248.07
-41253.88
-42462.22
-44393.58
-40114.79
-41622.33
-46304.05
-41416.61
-48684.95
-43181.23
-41547.16
-39313.82
-42912.03
-39661.14
-38925.65
-35709.89
-36048.28
-35054.99
-38248.47
-28553.41
-26702.28
-25280.56
-26101.65
-34902.13
-34535.59
-34371.62
-39550.19
-42245.04
-38741.72
-37068.39
-34087.57
-35735.40
-36699.33
-34112.02
-32003.21
-33968.06
-33852.41
-31664.93
-31051.86
-26571.29
-27540.67
-29213.43
-27607.14
-25335.10
-20765.75
-16187.92
-15962.96
-13446.49
-12151.45
-11066.93
-9032.43
-3147.06
-3102.11
-5502.97
-8180.70
-5350.82
-3408.05
-4993.58
-1438.36
-2366.67
-302.65
-3780.73
-6748.75
-2714.75
4053.97
6606.32
7472.51
8319.86
8352.97
12421.22
15244.69
18785.62
22207.22
29256.48
28950.00
31187.56
31411.24
31933.74
33257.61
34949.92
39174.64
41065.68
35706.40
37295.78
40402.11
41577.83
41492.79
41162.54
39374.35
41421.17
49329.51
46807.48
48323.28
52031.69
53961.88
55735.07
54443.81
57886.55
57888.85
60940.99
63698.29
61052.89
55408.42
55286.49
53140.01
56190.52
58406.66
58356.50
53872.11
52909.12
49607.41
50472.96
52354.32
49392.18
51158.27
54006.32
48417.22
45151.21
44886.67
40624.00
42285.12
42853.04
38118.28
40041.87
42607.90
44667.39
44410.16
45348.15
46000.32
49607.86
44947.65
43031.10
43298.34
44450.78
43677.17
50227.22
46619.34
46504.85
44944.64
45194.85
46002.40
42286.70
43933.03
38207.01
39211.05
39254.80
35903.51
39320.95
41224.68
36788.06
39219.98
41485.26
37886.61
40169.07
45174.93
42567.45
43486.11
43882.54
39692.71
42162.32
41351.66
33567.06
35506.23
40701.81
36525.50
35719.37
33409.06
30208.93
33027.69
36876.72
36492.93
37659.83
40712.40
39690.96
40910.94
40830.32
39371.20
39983.42
36424.04
36556.46
33822.90
34770.30
33962.49
35303.30
37305.76
36226.90
38276.18
37243.78
33505.12
35487.19
36403.91
35900.34
37833.90
40288.18
35957.48
42599.52
39779.93
37471.19
39266.64
43753.75
38379.09
39685.31
40154.06
38013.26
42177.85
41924.97
37195.06
37681.50
36541.54
35148.11
41195.74
39305.66
36634.69
34870.53
36230.51
36341.43
38548.53
39333.42
37169.02
39083.53
34316.56
33398.78
38176.55
37662.32
38649.19
38962.92
34893.31
33984.51
36399.37
40587.33
36942.53
38605.34
37859.86
36863.56
39488.13
41936.68
41555.06
41679.04
45818.64
42912.71
45676.95
45780.48
43919.74
43820.11
44839.40
43390.50
44027.91
42570.94
39458.91
42025.51
41250.78
39313.05
41197.79
41369.92
39193.62
43234.84
39536.70
38206.33
40232.07
42987.24
43858.95
46586.69
45753.68
47304.43
48893.79
49221.08
48383.69
47122.38
49699.97
52704.37
51897.08
48528.45
46328.48
50669.86
52934.38
56242.03
54697.92
58048.37
53048.71
55032.09
57752.95
58374.87
61681.72
60315.44
60229.58
65709.47
65778.29
67436.74
67165.77
69302.46
66907.23
73499.15
74665.45
76227.55
80575.61
84530.90
84996.33
93034.19
97216.04
100873.47
107932.16
109550.21
109940.18
115416.77
119535.71
118545.99
118088.13
116850.50
109732.36
112359.00
114448.05
116311.47
117608.48
121167.89
119344.64
121250.35
124220.56
125032.23
123762.94
131278.92
130205.90
124155.55
127948.89
128736.93
129671.79
129258.26
116773.98
111123.92
112036.81
111424.05
115168.00
111551.24
111725.34
109493.77
110471.58
110963.91
106667.82
106636.45
104737.18
110920.52
107844.88
111849.10
106858.21
104359.29
104814.26
112227.54
110812.77
111715.98
111365.67
115004.98
112217.00
111652.51
114893.15
115078.04
111979.06
115666.76
117721.49
117935.39
116825.54
120389.75
118811.44
117751.42
119935.55
121845.28
122666.19
121850.78
125542.26
126546.50
130193.51
131747.79
129674.93
123793.05
120979.11
117694.68
115681.54
126061.28
131586.56
125925.53
128135.72
125205.87
131277.91
128428.90
134714.36
131281.69
134827.42
135212.27
133447.92
135124.04
133948.16
130239.18
130077.28
131339.94
132724.66
134136.06
133779.32
130342.91
126996.17
129337.71
125911.90
125650.51
116114.38
114289.49
115655.90
114589.69
110620.13
112930.09
115341.16
113354.84
114482.11
113633.27
113191.38
117038.31
115522.72
112179.70
118451.85
120724.31
120634.50
120270.77
117030.95
118567.34
113659.80
114443.85
118459.71
118191.40
121632.07
115583.28
114769.44
113427.95
111374.27
112366.02
111217.01
111704.90
114941.59
115229.22
110795.15
110781.99
107919.98
110065.01
102381.96
102375.05
103355.08
105089.32
103213.07
103018.12
103633.45
100871.12
99365.35
100608.86
101768.74
100096.25
100894.96
102176.88
98925.36
94405.99
94805.55
88873.14
86009.03
85398.66
82381.91
82517.49
83299.22
85688.31
81073.30
79570.13
73442.22
77525.41
75872.96
76572.93
76951.28
78092.69
79312.26
81635.38
83312.09
82162.21
86608.81
83223.14
84123.47
84057.54
84060.61
84181.75
79677.35
76607.50
78501.88
79013.67
73608.05
72879.28
73888.98
73654.67
71498.46
71735.16
71381.98
70815.52
67183.65
69688.88
69499.54
71623.09
72730.48
70977.64
70099.71
70085.36
68762.13
66162.54
66300.20
66939.59
66337.81
66018.93
67162.15
66631.13
66445.76
65927.47
66202.59
66172.79
65825.73
65948.37
65737.95
64830.28
65247.91
67080.25
67064.66
66481.54
64033.84
63966.73
64549.54
63830.22
63577.89
62888.75
63046.93
62273.39
61800.68
61514.43
61758.14
60845.03
61267.93
62044.83
61515.55
61020.27
63032.61
62101.11
62068.47
61476.88
60938.60
61057.56
60961.47
62266.94
59401.18
59379.54
59029.02
57342.28
56819.80
57187.39
55467.05
54706.27
54002.18
54462.39
53455.85
53221.05
53516.88
53665.83
55008.37
54731.93
54992.47
53408.34
50776.35
50716.71
53531.17
52680.05
52755.37
52716.12
52280.70
51474.92
52937.93
52839.50
52116.38
52490.43
52987.28
53494.39
53478.55
53359.85
52940.41
50608.38
50147.62
49850.98
50159.93
51893.35
51080.79
50764.83
51456.67
51751.19
49779.49
49974.38
49480.31
49149.84
49116.96
48892.11
48775.95
48619.98
46464.65
46286.07
45172.81
44734.62
45141.82
44907.56
46926.68
46713.64
46826.32
47282.78
46981.82
46975.44
46320.22
46337.12
46386.65
46562.62
46606.51
47201.80
45001.91
43930.00
44688.66
44903.68
42261.26
42101.02
40135.56
39560.61
38138.54
39372.01
38895.13
39346.20
38638.61
38567.31
38615.50
37341.68
37200.12
36933.52
36765.24
37100.54
36459.35
35756.69
35672.92
34120.00
