5.10
5.10
5.10
5.10
5.09
5.09
5.09
5.09
5.09
5.09
5.08
5.08
5.08
5.08
5.08
5.07
5.07
5.07
5.07
5.07
5.07
5.06
5.06
5.06
5.06
5.06
5.06
5.05
5.05
5.05
5.05
5.05
5.05
5.05
5.04
5.04
5.04
5.04
5.04
5.04
5.03
5.03
5.03
5.03
5.03
5.03
5.02
5.02
5.02
5.02
5.02
5.01
5.01
5.01
5.01
5.01
5.01
5.00
5.00
5.00
5.00
5.00
5.00
5.00
4.99
4.99
4.99
4.99
4.99
4.99
4.98
4.98
4.98
4.98
4.98
4.97
4.97
4.97
4.97
4.97
4.97
4.96
4.96
4.96
4.96
4.96
4.96
4.95
4.95
4.95
4.95
4.95
4.95
4.95
4.94
4.94
4.94
4.94
4.94
4.94
4.93
4.93
4.93
4.93
4.93
4.93
4.92
4.92
4.92
4.92
4.92
4.91
4.91
4.91
4.91
4.91
4.91
4.90
4.90
4.90
4.90
4.90
4.90
4.90
4.90
4.90
4.90
4.90
4.90
4.90
4.90
4.90
4.90
4.90
4.90
4.90
4.90
4.90
4.90
4.90
4.90
4.90
4.90
4.90
4.90
4.90
4.90
4.90
4.90
4.90
4.90
4.90
4.90
4.90
4.90
4.90
4.90
4.90
4.90
4.90
4.90
4.90
4.90
4.90
4.90
4.90
4.90
4.90
4.90
4.90
4.90
4.90
4.90
4.90
4.90
4.90
4.90
4.90
4.90
4.90
4.90
4.90
4.90
4.90
4.90
4.90
4.90
4.90
4.90
4.90
4.90
4.90
4.90
4.90
4.90
4.90
4.90
4.90
4.90
4.90
4.90
4.90
4.90
4.90
4.90
4.90
4.90
4.90
4.90
4.90
4.90
4.90
4.90
4.90
4.90
4.90
4.90
4.90
4.90
4.90
4.90
4.90
4.90
4.90
4.90
4.90
4.90
4.90
4.90
4.90
4.90
4.90
4.90
4.90
4.90
4.90
4.90
4.90
4.90
4.90
4.90
4.90
4.90
4.90
4.89
4.89
4.89
4.89
4.89
4.89
4.88
4.88
4.88
4.88
4.88
4.88
4.87
4.87
4.87
4.87
4.87
4.86
4.86
4.86
4.86
4.86
4.86
4.85
4.85
4.85
4.85
4.85
4.85
4.85
4.84
4.84
4.84
4.84
4.84
4.84
4.83
4.83
4.83
4.83
4.83
4.83
4.82
4.82
4.82
4.82
4.82
4.81
4.81
4.81
4.81
4.81
4.81
4.80
4.80
4.80
4.80
4.80
4.80
4.80
4.80
4.80
4.80
4.80
4.80
4.80
4.80
4.80
4.80
4.80
4.80
4.80
4.80
4.80
4.80
4.80
4.80
4.80
4.80
4.80
4.80
4.80
4.80
4.80
4.80
4.80
4.80
4.80
4.80
4.80
4.80
4.80
4.80
4.80
4.80
4.80
4.80
4.80
4.80
4.80
4.80
4.80
4.80
4.80
4.80
4.80
4.80
4.80
4.80
4.80
4.80
4.80
4.80
4.80
4.80
4.80
4.80
4.80
4.80
4.80
4.81
4.81
4.81
4.81
4.81
4.81
4.82
4.82
4.82
4.82
4.82
4.83
4.83
4.83
4.83
4.83
4.83
4.84
4.84
4.84
4.84
4.84
4.84
4.85
4.85
4.85
4.85
4.85
4.85
4.85
4.86
4.86
4.86
4.86
4.86
4.86
4.87
4.87
4.87
4.87
4.87
4.88
4.88
4.88
4.88
4.88
4.88
4.89
4.89
4.89
4.89
4.89
4.89
4.90
4.90
4.90
4.90
4.91
4.93
4.94
4.96
4.98
4.99
5.01
5.02
5.03
5.05
5.06
5.08
5.10
5.11
5.12
5.14
5.15
5.17
5.18
5.20
5.22
5.23
5.24
5.26
5.27
5.29
5.31
5.32
5.34
5.35
5.36
5.38
5.39
5.41
5.43
5.44
5.46
5.47
5.48
5.50
5.51
5.53
5.55
5.56
5.58
5.59
5.60
5.62
5.63
5.65
5.67
5.68
5.69
5.71
5.72
5.74
5.76
5.77
5.79
5.80
5.82
5.84
5.86
5.88
5.90
5.92
5.94
5.96
5.98
6.00
6.02
6.04
6.06
6.08
6.10
6.12
6.14
6.16
6.18
6.20
6.22
6.24
6.26
6.28
6.30
6.32
6.34
6.36
6.38
6.40
6.42
6.44
6.46
6.48
6.50
6.52
6.54
6.56
6.58
6.60
6.62
6.64
6.66
6.68
6.70
6.72
6.74
6.76
6.78
6.80
6.82
6.84
6.86
6.88
6.90
6.92
6.94
6.96
6.98
7.00
7.02
7.03
7.05
7.07
7.08
7.10
7.12
7.13
7.15
7.17
7.18
7.20
7.22
7.23
7.25
7.27
7.28
7.30
7.32
7.33
7.35
7.37
7.38
7.40
7.42
7.43
7.45
7.47
7.48
7.50
7.52
7.53
7.55
7.57
7.58
7.60
7.62
7.63
7.65
7.67
7.68
7.70
7.72
7.73
7.75
7.77
7.78
7.80
7.82
7.83
7.85
7.87
7.88
7.90
7.92
7.93
7.95
7.97
7.98
8.00
8.02
8.04
8.05
8.07
8.09
8.11
8.13
8.15
8.16
8.18
8.20
8.22
8.24
8.26
8.28
8.29
8.31
8.33
8.35
8.37
8.39
8.40
8.42
8.44
8.46
8.48
8.50
8.51
8.53
8.55
8.57
8.59
8.60
8.62
8.64
8.66
8.68
8.70
8.71
8.73
8.75
8.77
8.79
8.81
8.82
8.84
8.86
8.88
8.90
8.92
8.94
8.95
8.97
8.99
9.01
9.03
9.05
9.06
9.08
9.10
9.11
9.12
9.13
9.15
9.16
9.17
9.18
9.19
9.20
9.22
9.23
9.24
9.25
9.26
9.28
9.29
9.30
9.31
9.32
9.33
9.35
9.36
9.37
9.38
9.39
9.40
9.42
9.43
9.44
9.45
9.46
9.47
9.48
9.50
9.51
9.52
9.53
9.54
9.55
9.57
9.58
9.59
9.60
9.61
9.62
9.64
9.65
9.66
9.67
9.68
9.70
9.71
9.72
9.73
9.74
9.75
9.77
9.78
9.79
9.80
9.80
9.81
9.81
9.82
9.83
9.83
9.84
9.84
9.84
9.85
9.85
9.86
9.87
9.87
9.88
9.88
9.88
9.89
9.89
9.90
9.91
9.91
9.91
9.92
9.92
9.93
9.94
9.94
9.95
9.95
9.95
9.96
9.96
9.97
9.98
9.98
9.99
9.99
9.99
10.00
10.00
10.01
10.02
10.02
10.03
10.03
10.03
10.04
10.04
10.05
10.06
10.06
10.06
10.07
10.07
10.08
10.09
10.09
10.10
10.10
10.10
10.10
10.10
10.10
10.10
10.10
10.10
10.10
10.10
10.10
10.10
10.10
10.10
10.10
10.10
10.10
10.10
10.10
10.10
10.10
10.10
10.10
10.10
10.10
10.10
10.10
10.10
10.10
10.10
10.10
10.10
10.10
10.10
10.10
10.10
10.10
10.10
10.10
10.10
10.10
10.10
10.10
10.10
10.10
10.10
10.10
10.10
10.10
10.10
10.10
10.10
10.10
10.10
10.10
10.10
10.10
10.10
10.10
10.10
10.10
10.10
10.09
10.09
10.08
10.07
10.07
10.06
10.06
10.06
10.05
10.05
10.04
10.03
10.03
10.03
10.02
10.02
10.01
10.01
10.00
9.99
9.99
9.99
9.98
9.98
9.97
9.96
9.96
9.95
9.95
9.95
9.94
9.94
9.93
9.92
9.92
9.91
9.91
9.91
9.90
9.90
9.89
9.88
9.88
9.88
9.87
9.87
9.86
9.86
9.85
9.84
9.84
9.84
9.83
9.83
9.82
9.81
9.81
9.80
9.80
9.79
9.77
9.76
9.75
9.73
9.72
9.71
9.69
9.68
9.67
9.65
9.64
9.63
9.61
9.60
9.59
9.57
9.56
9.55
9.53
9.52
9.51
9.49
9.48
9.47
9.45
9.44
9.43
9.41
9.40
9.39
9.37
9.36
9.35
9.33
9.32
9.31
9.29
9.28
9.27
9.25
9.24
9.23
9.21
9.20
9.19
9.17
9.16
9.15
9.13
9.12
9.11
9.09
9.08
9.07
9.05
9.04
9.03
9.01
9.00
9.00
8.99
8.99
8.98
8.97
8.97
8.96
8.96
8.96
8.95
8.95
8.94
8.93
8.93
8.93
8.92
8.92
8.91
8.91
8.90
8.89
8.89
8.89
8.88
8.88
8.87
8.86
8.86
8.85
8.85
8.85
8.84
8.84
8.83
8.82
8.82
8.81
8.81
8.81
8.80
8.80
8.79
8.78
8.78
8.77
8.77
8.77
8.76
8.76
8.75
8.74
8.74
8.74
8.73
8.73
8.72
8.71
8.71
8.70
8.70
8.70
8.69
8.69
8.68
8.67
8.67
8.66
8.66
8.66
8.65
8.65
8.64
8.63
8.63
8.62
8.62
8.62
8.61
8.61
8.60
8.59
8.59
8.59
8.58
8.58
8.57
8.56
8.56
8.55
8.55
8.55
8.54
8.54
8.53
8.52
8.52
8.51
8.51
8.51
8.50
8.50
8.49
8.48
8.48
8.47
8.47
8.47
8.46
8.46
8.45
8.44
8.44
8.44
8.43
8.43
8.42
8.41
8.41
8.40
8.40
8.39
8.39
8.38
8.37
8.37
8.36
8.35
8.35
8.34
8.33
8.33
8.32
8.31
8.31
8.30
8.29
8.29
8.28
8.27
8.27
8.26
8.25
8.25
8.24
8.23
8.23
8.22
8.21
8.21
8.20
8.19
8.19
8.18
8.17
8.17
8.16
8.15
8.15
8.14
8.13
8.13
8.12
8.11
8.11
8.10
8.09
8.09
8.08
8.07
8.07
8.06
8.05
8.05
8.04
8.03
8.03
8.02
8.01
8.01
8.00
8.00
7.99
7.99
7.98
7.97
7.97
7.96
7.96
7.96
7.95
7.95
7.94
7.93
7.93
7.92
7.92
7.92
7.91
7.91
7.90
7.89
7.89
7.89
7.88
7.88
7.87
7.86
7.86
7.85
7.85
7.85
7.84
7.84
7.83
7.82
7.82
7.81
7.81
7.81
7.80
7.80
7.79
7.78
7.78
7.78
7.77
7.77
7.76
7.76
7.75
7.74
7.74
7.74
7.73
7.73
7.72
7.71
7.71
7.70
7.70
7.70
7.69
7.69
7.68
7.67
7.67
7.66
7.66
7.66
7.65
7.65
7.64
7.63
7.63
7.62
7.62
7.62
7.61
7.61
7.60
7.59
7.59
7.59
7.58
7.58
7.57
7.56
7.56
7.55
7.55
7.55
7.54
7.54
7.53
7.52
7.52
7.51
7.51
7.51
7.50
7.50
7.49
7.48
7.48
7.48
7.47
7.47
7.46
7.46
7.45
7.44
7.44
7.44
7.43
7.43
7.42
7.41
7.41
7.40
7.40
7.39
7.39
7.38
7.37
7.37
7.36
7.35
7.35
7.34
7.33
7.33
7.32
7.31
7.31
7.30
7.29
7.29
7.28
7.27
7.27
7.26
7.25
7.25
7.24
7.23
7.23
7.22
7.21
7.21
7.20
7.19
7.19
7.18
7.17
7.17
7.16
7.15
7.15
7.14
7.13
7.13
7.12
7.11
7.11
7.10
7.09
7.09
7.08
7.07
7.07
7.06
7.05
7.05
7.04
7.03
7.03
7.02
7.01
7.01
7.00
7.00
6.99
6.99
6.98
6.97
6.97
6.96
6.96
6.96
6.95
6.95
6.94
6.93
6.93
6.92
6.92
6.92
6.91
6.91
6.90
6.89
6.89
6.89
6.88
6.88
6.87
6.86
6.86
6.85
6.85
6.85
6.84
6.84
6.83
6.82
6.82
6.81
6.81
6.81
6.80
6.80
6.79
6.78
6.78
6.78
6.77
6.77
6.76
6.76
6.75
6.74
6.74
6.74
6.73
6.73
6.72
6.71
6.71
6.70
6.70
6.68
6.65
6.63
6.61
6.58
6.56
6.54
6.51
6.49
6.47
6.44
6.42
6.40
6.37
6.35
6.33
6.30
6.28
6.26
6.23
6.21
6.19
6.16
6.14
6.12
6.09
6.07
6.05
6.02
6.00
5.98
5.95
5.93
5.91
5.88
5.86
5.84
5.81
5.79
5.77
5.74
5.72
5.70
5.67
5.65
5.63
5.60
5.58
5.56
5.53
5.51
5.49
5.46
5.44
5.42
5.39
5.37
5.35
5.32
5.30
5.30
5.30
5.30
5.31
5.31
5.31
5.31
5.31
5.31
5.32
5.32
5.32
5.32
5.32
5.33
5.33
5.33
5.33
5.33
5.33
5.34
5.34
5.34
5.34
5.34
5.34
5.35
5.35
5.35
5.35
5.35
5.35
5.35
5.36
5.36
5.36
5.36
5.36
5.36
5.37
5.37
5.37
5.37
5.37
5.38
5.38
5.38
5.38
5.38
5.38
5.39
5.39
5.39
5.39
5.39
5.39
5.40
5.40
5.40
5.40
5.40
5.40
5.40
5.39
5.39
5.39
5.39
5.39
5.39
5.38
5.38
5.38
5.38
5.38
5.38
5.37
5.37
5.37
5.37
5.37
5.36
5.36
5.36
5.36
5.36
5.36
5.35
5.35
5.35
5.35
5.35
5.35
5.35
5.34
5.34
5.34
5.34
5.34
5.34
5.33
5.33
5.33
5.33
5.33
5.33
5.32
5.32
5.32
5.32
5.32
5.31
5.31
5.31
5.31
5.31
5.31
5.30
5.30
5.30
5.30
5.30
5.29
5.29
5.29
5.28
5.28
5.28
5.27
5.27
5.27
5.26
5.26
5.26
5.25
5.25
5.25
5.24
5.24
5.24
5.23
5.23
5.23
5.22
5.22
5.22
5.21
5.21
5.21
5.20
5.20
5.20
5.19
5.19
5.19
5.18
5.18
5.18
5.17
5.17
5.17
5.16
5.16
5.16
5.15
5.15
5.15
5.14
5.14
5.14
5.13
5.13
5.13
5.12
5.12
5.12
5.11
5.11
5.11
5.10
5.10
5.10
5.09
5.09
5.09
5.08
5.08
5.08
5.07
5.07
5.07
5.06
5.06
5.06
5.05
5.05
5.05
5.04
5.04
5.04
5.03
5.03
5.03
5.02
5.02
5.02
5.01
5.01
5.01
5.00
5.00
5.00
4.99
4.99
4.99
4.98
4.98
4.98
4.97
4.97
4.97
4.96
4.96
4.96
4.95
4.95
4.95
4.94
4.94
4.94
4.93
4.93
4.93
4.92
4.92
4.92
4.91
4.91
4.91
4.90
4.90
4.90
4.89
4.89
4.89
4.88
4.88
4.88
4.87
4.87
4.87
4.86
4.86
4.86
4.85
4.85
4.85
4.84
4.84
4.84
4.83
4.83
4.83
4.82
4.82
4.82
4.81
4.81
4.81
4.80
4.80
4.80
4.79
4.79
4.79
4.78
4.78
4.78
4.77
4.77
4.77
4.76
4.76
4.76
4.75
4.75
4.75
4.74
4.74
4.74
4.73
4.73
4.73
4.72
4.72
4.72
4.71
4.71
4.71
4.70
4.70
4.70
4.70
4.70
4.69
4.69
4.69
4.69
4.69
4.69
4.68
4.68
4.68
4.68
4.68
4.67
4.67
4.67
4.67
4.67
4.67
4.66
4.66
4.66
4.66
4.66
4.66
4.65
4.65
4.65
4.65
4.65
4.65
4.65
4.64
4.64
4.64
4.64
4.64
4.64
4.63
4.63
4.63
4.63
4.63
4.62
4.62
4.62
4.62
4.62
4.62
4.61
4.61
4.61
4.61
4.61
4.61
4.60
4.60
4.60
4.60
4.60
4.60
4.60
4.60
4.60
4.60
4.60
4.60
4.60
4.60
4.60
4.60
4.60
4.60
4.60
4.60
4.60
4.60
4.60
4.60
4.60
4.60
4.60
4.60
4.60
4.60
4.60
4.60
4.60
4.60
4.60
4.60
4.60
4.60
4.60
4.60
4.60
4.60
4.60
4.60
4.60
4.60
4.60
4.60
4.60
4.60
4.60
4.60
4.60
4.60
4.60
4.60
4.60
4.60
4.60
4.60
4.60
4.60
4.60
4.60
4.60
4.61
4.61
4.61
4.62
4.62
4.62
4.63
4.63
4.63
4.64
4.64
4.64
4.65
4.65
4.65
4.66
4.66
4.66
4.67
4.67
4.67
4.68
4.68
4.68
4.69
4.69
4.69
4.70
4.70
4.70
4.71
4.71
4.71
4.72
4.72
4.72
4.73
4.73
4.73
4.74
4.74
4.74
4.75
4.75
4.75
4.76
4.76
4.76
4.77
4.77
4.77
4.78
4.78
4.78
4.79
4.79
4.79
4.80
4.80
4.80
4.81
4.81
4.82
4.83
4.83
4.84
4.84
4.84
4.85
4.85
4.86
4.87
4.87
4.88
4.88
4.88
4.89
4.89
4.90
4.91
4.91
4.91
4.92
4.92
4.93
4.94
4.94
4.95
4.95
4.95
4.96
4.96
4.97
4.98
4.98
4.99
4.99
4.99
5.00
5.00
5.01
5.02
5.02
5.02
5.03
5.03
5.04
5.04
5.05
5.06
5.06
5.06
5.07
5.07
5.08
5.09
5.09
5.10
5.10
5.10
5.11
5.11
5.11
5.12
5.12
5.12
5.13
5.13
5.13
5.14
5.14
5.14
5.15
5.15
5.15
5.16
5.16
5.16
5.17
5.17
5.17
5.18
5.18
5.18
5.19
5.19
5.19
5.20
5.20
5.20
5.21
5.21
5.21
5.22
5.22
5.22
5.23
5.23
5.23
5.24
5.24
5.24
5.25
5.25
5.25
5.26
5.26
5.26
5.27
5.27
5.27
5.28
5.28
5.28
5.29
5.29
5.29
5.30
5.30
5.30
5.30
5.30
5.31
5.31
5.31
5.31
5.31
5.31
5.32
5.32
5.32
5.32
5.32
5.33
5.33
5.33
5.33
5.33
5.33
5.34
5.34
5.34
5.34
5.34
5.34
5.35
5.35
5.35
5.35
5.35
5.35
5.35
5.36
5.36
5.36
5.36
5.36
5.36
5.37
5.37
5.37
5.37
5.37
5.38
5.38
5.38
5.38
5.38
5.38
5.39
5.39
5.39
5.39
5.39
5.39
5.40
5.40
5.40
5.40
5.40
5.41
5.41
5.41
5.42
5.42
5.42
5.43
5.43
5.43
5.44
5.44
5.44
5.45
5.45
5.45
5.46
5.46
5.46
5.47
5.47
5.47
5.48
5.48
5.48
5.49
5.49
5.49
5.50
5.50
5.50
5.51
5.51
5.51
5.52
5.52
5.52
5.53
5.53
5.53
5.54
5.54
5.54
5.55
5.55
5.55
5.56
5.56
5.56
5.57
5.57
5.57
5.58
5.58
5.58
5.59
5.59
5.59
5.60
5.60
5.60
5.60
5.60
5.59
5.59
5.59
5.59
5.59
5.59
5.58
5.58
5.58
5.58
5.58
5.57
5.57
5.57
5.57
5.57
5.57
5.56
5.56
5.56
5.56
5.56
5.56
5.55
5.55
5.55
5.55
5.55
5.55
5.55
5.54
5.54
5.54
5.54
5.54
5.54
5.53
5.53
5.53
5.53
5.53
5.53
5.52
5.52
5.52
5.52
5.52
5.51
5.51
5.51
5.51
5.51
5.51
5.50
5.50
5.50
5.50
5.50
5.51
5.51
5.52
5.53
5.53
5.54
5.54
5.54
5.55
5.55
5.56
5.57
5.57
5.58
5.58
5.58
5.59
5.59
5.60
5.61
5.61
5.61
5.62
5.62
5.63
5.64
5.64
5.65
5.65
5.65
5.66
5.66
5.67
5.68
5.68
5.69
5.69
5.69
5.70
5.70
5.71
5.72
5.72
5.72
5.73
5.73
5.74
5.74
5.75
5.76
5.76
5.76
5.77
5.77
5.78
5.79
5.79
5.80
5.80
5.79
5.79
5.78
5.77
5.77
5.76
5.75
5.75
5.74
5.73
5.73
5.72
5.71
5.71
5.70
5.69
5.69
5.68
5.67
5.67
5.66
5.65
5.65
5.64
5.63
5.63
5.62
5.61
5.61
5.60
5.59
5.59
5.58
5.57
5.57
5.56
5.55
5.55
5.54
5.53
5.53
5.52
5.51
5.51
5.50
5.49
5.49
5.48
5.47
5.47
5.46
5.45
5.45
5.44
5.43
5.43
5.42
5.41
5.41
5.40
5.40
5.40
5.40
5.39
5.39
5.39
5.39
5.39
5.39
5.38
5.38
5.38
5.38
5.38
5.38
5.37
5.37
5.37
5.37
5.37
5.36
5.36
5.36
5.36
5.36
5.36
5.35
5.35
5.35
5.35
5.35
5.35
5.35
5.34
5.34
5.34
5.34
5.34
5.34
5.33
5.33
5.33
5.33
5.33
5.33
5.32
5.32
5.32
5.32
5.32
5.31
5.31
5.31
5.31
5.31
5.31
5.30
5.30
5.30
5.30
5.30
5.29
5.29
5.29
5.28
5.28
5.28
5.27
5.27
5.27
5.26
5.26
5.26
5.25
5.25
5.25
5.24
5.24
5.24
5.23
5.23
5.23
5.22
5.22
5.22
5.21
5.21
5.21
5.20
5.20
5.20
5.19
5.19
5.19
5.18
5.18
5.18
5.17
5.17
5.17
5.16
5.16
5.16
5.15
5.15
5.15
5.14
5.14
5.14
5.13
5.13
5.13
5.12
5.12
5.12
5.11
5.11
5.11
5.10
5.10
5.09
5.09
5.08
5.07
5.07
5.06
5.05
5.05
5.04
5.03
5.03
5.02
5.01
5.01
5.00
4.99
4.99
4.98
4.97
4.97
4.96
4.95
4.95
4.94
4.93
4.93
4.92
4.91
4.91
4.90
4.89
4.89
4.88
4.87
4.87
4.86
4.85
4.85
4.84
4.83
4.83
4.82
4.81
4.81
4.80
4.79
4.79
4.78
4.77
4.77
4.76
4.75
4.75
4.74
4.73
4.73
4.72
4.71
4.71
4.70
4.69
4.69
4.68
4.67
4.67
4.66
4.65
4.65
4.64
4.63
4.63
4.62
4.61
4.61
4.60
4.59
4.59
4.58
4.57
4.57
4.56
4.55
4.55
4.54
4.53
4.53
4.52
4.51
4.51
4.50
4.49
4.49
4.48
4.47
4.47
4.46
4.45
4.45
4.44
4.43
4.43
4.42
4.41
4.41
4.40
4.39
4.39
4.38
4.37
4.37
4.36
4.35
4.35
4.34
4.33
4.33
4.32
4.31
4.31
4.30
4.30
4.29
4.29
4.29
4.28
4.28
4.28
4.27
4.27
4.27
4.26
4.26
4.26
4.25
4.25
4.25
4.24
4.24
4.24
4.23
4.23
4.23
4.22
4.22
4.22
4.21
4.21
4.21
4.20
4.20
4.20
4.19
4.19
4.19
4.18
4.18
4.18
4.17
4.17
4.17
4.16
4.16
4.16
4.15
4.15
4.15
4.14
4.14
4.14
4.13
4.13
4.13
4.12
4.12
4.12
4.11
4.11
4.11
4.10
4.10
4.10
4.09
4.09
4.08
4.07
4.07
4.06
4.06
4.06
4.05
4.05
4.04
4.03
4.03
4.02
4.02
4.02
4.01
4.01
4.00
3.99
3.99
3.99
3.98
3.98
3.97
3.96
3.96
3.95
3.95
3.95
3.94
3.94
3.93
3.92
3.92
3.91
3.91
3.91
3.90
3.90
3.89
3.88
3.88
3.88
3.87
3.87
3.86
3.86
3.85
3.84
3.84
3.84
3.83
3.83
3.82
3.81
3.81
3.80
3.80
3.80
3.79
3.79
3.78
3.77
3.77
3.76
3.76
3.76
3.75
3.75
3.74
3.73
3.73
3.72
3.72
3.72
3.71
3.71
3.70
3.69
3.69
3.69
3.68
3.68
3.67
3.66
3.66
3.65
3.65
3.65
3.64
3.64
3.63
3.62
3.62
3.61
3.61
3.61
3.60
3.60
3.59
3.58
3.58
3.58
3.57
3.57
3.56
3.56
3.55
3.54
3.54
3.54
3.53
3.53
3.52
3.51
3.51
3.50
3.50
3.49
3.49
3.48
3.47
3.47
3.46
3.45
3.45
3.44
3.43
3.43
3.42
3.41
3.41
3.40
3.39
3.39
3.38
3.37
3.37
3.36
3.35
3.35
3.34
3.33
3.33
3.32
3.31
3.31
3.30
3.29
3.29
3.28
3.27
3.27
3.26
3.25
3.25
3.24
3.23
3.23
3.22
3.21
3.21
3.20
3.19
3.19
3.18
3.17
3.17
3.16
3.15
3.15
3.14
3.13
3.13
3.12
3.11
3.11
3.10
3.09
3.09
3.08
3.07
3.07
3.06
3.05
3.05
3.04
3.03
3.03
3.02
3.01
3.01
3.00
2.99
2.99
2.98
2.97
2.97
2.96
2.95
2.95
2.94
2.93
2.93
2.92
2.91
2.91
2.90
2.89
2.89
2.88
2.87
2.87
2.86
2.85
2.85
2.84
2.83
2.83
2.82
2.81
2.81
2.80
2.79
2.79
2.78
2.77
2.77
2.76
2.75
2.75
2.74
2.73
2.73
2.72
2.71
2.71
2.70
2.69
2.68
2.68
2.67
2.66
2.65
2.64
2.63
2.63
2.62
2.61
2.60
2.59
2.58
2.58
2.57
2.56
2.55
2.54
2.53
2.52
2.52
2.51
2.50
2.49
2.48
2.47
2.47
2.46
2.45
2.44
2.43
2.43
2.42
2.41
2.40
2.39
2.38
2.38
2.37
2.36
2.35
2.34
2.33
2.33
2.32
2.31
2.30
2.29
2.28
2.27
2.27
2.26
2.25
2.24
2.23
2.22
2.22
2.21
2.20
2.19
2.19
2.18
2.17
2.17
2.16
2.15
2.15
2.14
2.13
2.13
2.12
2.11
2.11
2.10
2.09
2.09
2.08
2.07
2.07
2.06
2.05
2.05
2.04
2.03
2.03
2.02
2.01
2.01
2.00
1.99
1.99
1.98
1.97
1.97
1.96
1.95
1.95
1.94
1.93
1.93
1.92
1.91
1.91
1.90
1.89
1.89
1.88
1.87
1.87
1.86
1.85
1.85
1.84
1.83
1.83
1.82
1.81
1.81
1.80
1.80
1.79
1.79
1.79
1.78
1.78
1.78
1.77
1.77
1.77
1.76
1.76
1.76
1.75
1.75
1.75
1.74
1.74
1.74
1.73
1.73
1.73
1.72
1.72
1.72
1.71
1.71
1.71
1.70
1.70
1.70
1.69
1.69
1.69
1.68
1.68
1.68
1.67
1.67
1.67
1.66
1.66
1.66
1.65
1.65
1.65
1.64
1.64
1.64
1.63
1.63
1.63
1.62
1.62
1.62
1.61
1.61
1.61
1.60
1.60
1.60
1.59
1.59
1.58
1.57
1.57
1.56
1.56
1.56
1.55
1.55
1.54
1.53
1.53
1.53
1.52
1.52
1.51
1.51
1.50
1.49
1.49
1.49
1.48
1.48
1.47
1.46
1.46
1.45
1.45
1.45
1.44
1.44
1.43
1.42
1.42
1.41
1.41
1.41
1.40
1.40
1.39
1.38
1.38
1.38
1.37
1.37
1.36
1.36
1.35
1.34
1.34
1.34
1.33
1.33
1.32
1.31
1.31
1.30
1.30
1.30
1.30
1.30
1.29
1.29
1.29
1.29
1.29
1.29
1.28
1.28
1.28
1.28
1.28
1.27
1.27
1.27
1.27
1.27
1.27
1.26
1.26
1.26
1.26
1.26
1.26
1.25
1.25
1.25
1.25
1.25
1.25
1.25
1.24
1.24
1.24
1.24
1.24
1.24
1.23
1.23
1.23
1.23
1.23
1.23
1.22
1.22
1.22
1.22
1.22
1.21
1.21
1.21
1.21
1.21
1.21
1.20
1.20
1.20
1.20
1.20
1.19
1.19
1.19
1.18
1.18
1.18
1.17
1.17
1.17
1.16
1.16
1.16
1.15
1.15
1.15
1.14
1.14
1.14
1.13
1.13
1.13
1.12
1.12
1.12
1.11
1.11
1.11
1.10
1.10
1.10
1.09
1.09
1.09
1.08
1.08
1.08
1.07
1.07
1.07
1.06
1.06
1.06
1.05
1.05
1.05
1.04
1.04
1.04
1.03
1.03
1.03
1.02
1.02
1.02
1.01
1.01
1.01
1.00
1.00
1.00
1.00
1.00
1.01
1.01
1.01
1.01
1.01
1.01
1.02
1.02
1.02
1.02
1.02
1.02
1.03
1.03
1.03
1.03
1.03
1.04
1.04
1.04
1.04
1.04
1.04
1.05
1.05
1.05
1.05
1.05
1.05
1.05
1.06
1.06
1.06
1.06
1.06
1.06
1.07
1.07
1.07
1.07
1.07
1.08
1.08
1.08
1.08
1.08
1.08
1.09
1.09
1.09
1.09
1.09
1.09
1.10
1.10
1.10
1.10
1.12
1.14
1.16
1.18
1.20
1.22
1.24
1.26
1.28
1.30
1.32
1.34
1.36
1.38
1.40
1.42
1.44
1.46
1.48
1.50
1.52
1.54
1.56
1.58
1.60
1.62
1.64
1.66
1.68
1.70
1.72
1.74
1.76
1.78
1.80
1.82
1.84
1.86
1.88
1.90
1.92
1.94
1.96
1.98
2.00
2.02
2.04
2.06
2.08
2.10
2.12
2.14
2.16
2.18
2.20
2.22
2.24
2.26
2.28
2.30
2.32
2.35
2.37
2.40
2.43
2.45
2.48
2.50
2.52
2.55
2.57
2.60
2.63
2.65
2.67
2.70
2.72
2.75
2.77
2.80
2.83
2.85
2.87
2.90
2.92
2.95
2.98
3.00
3.03
3.05
3.07
3.10
3.12
3.15
3.18
3.20
3.23
3.25
3.27
3.30
3.32
3.35
3.38
3.40
3.42
3.45
3.47
3.50
3.52
3.55
3.58
3.60
3.62
3.65
3.67
3.70
3.73
3.75
3.78
3.80
3.82
3.85
3.87
3.89
3.92
3.94
3.96
3.99
4.01
4.03
4.06
4.08
4.10
4.13
4.15
4.17
4.20
4.22
4.24
4.27
4.29
4.31
4.34
4.36
4.38
4.41
4.43
4.45
4.48
4.50
4.52
4.55
4.57
4.59
4.62
4.64
4.66
4.69
4.71
4.73
4.76
4.78
4.80
4.83
4.85
4.87
4.90
4.92
4.94
4.97
4.99
5.01
5.04
5.06
5.08
5.11
5.13
5.15
5.18
5.20
5.22
5.24
5.26
5.29
5.31
5.33
5.35
5.37
5.39
5.42
5.44
5.46
5.48
5.50
5.53
5.55
5.57
5.59
5.61
5.63
5.66
5.68
5.70
5.72
5.74
5.76
5.79
5.81
5.83
5.85
5.87
5.89
5.91
5.94
5.96
5.98
6.00
6.02
6.04
6.07
6.09
6.11
6.13
6.15
6.17
6.20
6.22
6.24
6.26
6.28
6.31
6.33
6.35
6.37
6.39
6.41
6.44
6.46
6.48
6.50
6.51
6.53
6.54
6.56
6.58
6.59
6.61
6.62
6.63
6.65
6.66
6.68
6.70
6.71
6.72
6.74
6.75
6.77
6.78
6.80
6.82
6.83
6.84
6.86
6.87
6.89
6.91
6.92
6.94
6.95
6.96
6.98
6.99
7.01
7.03
7.04
7.06
7.07
7.08
7.10
7.11
7.13
7.15
7.16
7.18
7.19
7.20
7.22
7.23
7.25
7.27
7.28
7.29
7.31
7.32
7.34
7.36
7.37
7.39
7.40
7.41
7.42
7.42
7.43
7.44
7.45
7.46
7.47
7.47
7.48
7.49
7.50
7.51
7.52
7.53
7.53
7.54
7.55
7.56
7.57
7.58
7.58
7.59
7.60
7.61
7.62
7.63
7.63
7.64
7.65
7.66
7.67
7.67
7.68
7.69
7.70
7.71
7.72
7.72
7.73
7.74
7.75
7.76
7.77
7.78
7.78
7.79
7.80
7.81
7.82
7.83
7.83
7.84
7.85
7.86
7.87
7.88
7.88
7.89
7.90
7.90
7.90
7.90
7.91
7.91
7.91
7.91
7.91
7.91
7.92
7.92
7.92
7.92
7.92
7.93
7.93
7.93
7.93
7.93
7.93
7.94
7.94
7.94
7.94
7.94
7.94
7.95
7.95
7.95
7.95
7.95
7.95
7.95
7.96
7.96
7.96
7.96
7.96
7.96
7.97
7.97
7.97
7.97
7.97
7.97
7.98
7.98
7.98
7.98
7.98
7.99
7.99
7.99
7.99
7.99
7.99
8.00
8.00
8.00
8.00
7.99
7.99
7.98
7.97
7.97
7.96
7.95
7.95
7.94
7.93
7.93
7.92
7.91
7.91
7.90
7.89
7.89
7.88
7.87
7.87
7.86
7.85
7.85
7.84
7.83
7.83
7.82
7.81
7.81
7.80
7.79
7.79
7.78
7.77
7.77
7.76
7.75
7.75
7.74
7.73
7.73
7.72
7.71
7.71
7.70
7.69
7.69
7.68
7.67
7.67
7.66
7.65
7.65
7.64
7.63
7.63
7.62
7.61
7.61
7.60
7.59
7.57
7.56
7.54
7.52
7.51
7.49
7.48
7.47
7.45
7.44
7.42
7.40
7.39
7.38
7.36
7.35
7.33
7.32
7.30
7.28
7.27
7.26
7.24
7.23
7.21
7.19
7.18
7.16
7.15
7.14
7.12
7.11
7.09
7.07
7.06
7.04
7.03
7.02
7.00
6.99
6.97
6.95
6.94
6.92
6.91
6.90
6.88
6.87
6.85
6.83
6.82
6.81
6.79
6.78
6.76
6.74
6.73
6.71
6.70
6.68
6.67
6.65
6.63
6.62
6.60
6.58
6.57
6.55
6.53
6.52
6.50
6.48
6.47
6.45
6.43
6.42
6.40
6.38
6.37
6.35
6.33
6.32
6.30
6.28
6.27
6.25
6.23
6.22
6.20
6.18
6.17
6.15
6.13
6.12
6.10
6.08
6.07
6.05
6.03
6.02
6.00
5.98
5.97
5.95
5.93
5.92
5.90
5.88
5.87
5.85
5.83
5.82
5.80
5.78
5.77
5.75
5.73
5.72
5.70
5.69
5.68
5.67
5.66
5.65
5.64
5.63
5.62
5.61
5.60
5.59
5.58
5.57
5.56
5.55
5.54
5.53
5.52
5.51
5.50
5.49
5.48
5.47
5.46
5.45
5.44
5.43
5.42
5.41
5.40
5.39
5.38
5.37
5.36
5.35
5.34
5.33
5.32
5.31
5.30
5.29
5.28
5.27
5.26
5.25
5.24
5.23
5.22
5.21
5.20
5.19
5.18
5.17
5.16
5.15
5.14
5.13
5.12
5.11
5.10
5.09
5.08
5.08
5.07
5.06
5.05
5.04
5.03
5.03
5.02
5.01
5.00
4.99
4.98
4.97
4.97
4.96
4.95
4.94
4.93
4.92
4.92
4.91
4.90
4.89
4.88
4.87
4.87
4.86
4.85
4.84
4.83
4.83
4.82
4.81
4.80
4.79
4.78
4.78
4.77
4.76
4.75
4.74
4.73
4.72
4.72
4.71
4.70
4.69
4.68
4.67
4.67
4.66
4.65
4.64
4.63
4.62
4.62
4.61
4.60
4.59
4.58
4.57
4.56
4.55
4.54
4.53
4.52
4.51
4.50
4.49
4.48
4.47
4.46
4.45
4.44
4.43
4.42
4.41
4.40
4.39
4.38
4.37
4.36
4.35
4.34
4.33
4.32
4.31
4.30
4.29
4.28
4.27
4.26
4.25
4.24
4.23
4.22
4.21
4.20
4.19
4.18
4.17
4.16
4.15
4.14
4.13
4.12
4.11
4.10
4.09
4.08
4.07
4.06
4.05
4.04
4.03
4.02
4.01
4.00
3.99
3.98
3.97
3.96
3.95
3.94
3.93
3.92
3.91
3.90
3.89
3.88
3.87
3.86
3.85
3.84
3.83
3.82
3.81
3.80
3.79
3.78
3.77
3.76
3.75
3.74
3.73
3.72
3.71
3.70
3.69
3.68
3.67
3.66
3.65
3.64
3.63
3.62
3.61
3.60
3.59
3.58
3.57
3.56
3.55
3.54
3.53
3.52
3.51
3.50
3.49
3.48
3.47
3.46
3.45
3.44
3.43
3.42
3.41
3.40
3.39
3.38
3.38
3.37
3.36
3.35
3.34
3.33
3.33
3.32
3.31
3.30
3.29
3.28
3.27
3.27
3.26
3.25
3.24
3.23
3.22
3.22
3.21
3.20
3.19
3.18
3.17
3.17
3.16
3.15
3.14
3.13
3.13
3.12
3.11
3.10
3.09
3.08
3.08
3.07
3.06
3.05
3.04
3.03
3.02
3.02
3.01
3.00
2.99
2.98
2.97
2.97
2.96
2.95
2.94
2.93
2.92
2.92
2.91
2.90
2.89
2.88
2.87
2.86
2.85
2.84
2.83
2.82
2.81
2.80
2.79
2.78
2.77
2.76
2.75
2.74
2.73
2.72
2.71
2.70
2.69
2.68
2.67
2.66
2.65
2.64
2.63
2.62
2.61
2.60
2.59
2.58
2.57
2.56
2.55
2.54
2.53
2.52
2.51
2.50
2.49
2.48
2.47
2.46
2.45
2.44
2.43
2.42
2.41
2.40
2.39
2.38
2.37
2.36
2.35
2.34
2.33
2.32
2.31
2.30
2.29
2.28
2.27
2.26
2.25
2.24
2.23
2.22
2.21
2.20
2.19
2.18
2.17
2.16
2.15
2.14
2.13
2.12
2.11
2.10
2.09
2.08
2.07
2.06
2.05
2.04
2.03
2.02
2.01
2.00
1.99
1.98
1.97
1.96
1.95
1.94
1.93
1.92
1.91
1.90
1.89
1.88
1.87
1.86
1.85
1.84
1.83
1.82
1.81
1.80
1.79
1.78
1.77
1.76
1.75
1.74
1.73
1.72
1.71
1.70
1.69
1.68
1.68
1.67
1.66
1.65
1.64
1.63
1.63
1.62
1.61
1.60
1.59
1.58
1.57
1.57
1.56
1.55
1.54
1.53
1.52
1.52
1.51
1.50
1.49
1.48
1.47
1.47
1.46
1.45
1.44
1.43
1.43
1.42
1.41
1.40
1.39
1.38
1.38
1.37
1.36
1.35
1.34
1.33
1.32
1.32
1.31
1.30
1.29
1.28
1.27
1.27
1.26
1.25
1.24
1.23
1.22
1.22
1.21
1.20
1.19
1.18
1.17
1.16
1.15
1.14
1.13
1.12
1.11
1.10
1.09
1.08
1.07
1.06
1.05
1.04
1.03
1.02
1.01
1.00
0.99
0.98
0.97
0.96
0.95
0.94
0.93
0.92
0.91
0.90
0.89
0.88
0.87
0.86
0.85
0.84
0.83
0.82
0.81
0.80
0.79
0.78
0.77
0.76
0.75
0.74
0.73
0.72
0.71
0.70
0.69
0.68
0.67
0.66
0.65
0.64
0.63
0.62
0.61
0.60
0.60
0.59
0.59
0.58
0.57
0.57
0.56
0.56
0.56
0.55
0.55
0.54
0.53
0.53
0.53
0.52
0.52
0.51
0.51
0.50
0.49
0.49
0.49
0.48
0.48
0.47
0.46
0.46
0.45
0.45
0.45
0.44
0.44
0.43
0.42
0.42
0.41
0.41
0.41
0.40
0.40
0.39
0.38
0.38
0.38
0.37
0.37
0.36
0.36
0.35
0.34
0.34
0.34
0.33
0.33
0.32
0.31
0.31
0.30
0.30
0.30
0.29
0.29
0.29
0.28
0.28
0.28
0.27
0.27
0.27
0.26
0.26
0.26
0.25
0.25
0.25
0.24
0.24
0.24
0.23
0.23
0.23
0.22
0.22
0.22
0.21
0.21
0.21
0.20
0.20
0.20
0.19
0.19
0.19
0.18
0.18
0.18
0.17
0.17
0.17
0.16
0.16
0.16
0.15
0.15
0.15
0.14
0.14
0.14
0.13
0.13
0.13
0.12
0.12
0.12
0.11
0.11
0.11
0.10
0.10
0.10
0.09
0.09
0.09
0.08
0.08
0.08
0.07
0.07
0.07
0.06
0.06
0.06
0.05
0.05
0.05
0.04
0.04
0.04
0.03
0.03
0.03
0.02
0.02
0.02
0.01
0.01
0.01
0.00
0.00
-0.00
-0.01
-0.01
-0.01
-0.02
-0.02
-0.02
-0.03
-0.03
-0.03
-0.04
-0.04
-0.04
-0.05
-0.05
-0.05
-0.06
-0.06
-0.06
-0.07
-0.07
-0.07
-0.08
-0.08
-0.08
-0.09
-0.09
-0.09
-0.10
-0.10
-0.10
-0.11
-0.11
-0.11
-0.12
-0.12
-0.12
-0.13
-0.13
-0.13
-0.14
-0.14
-0.14
-0.15
-0.15
-0.15
-0.16
-0.16
-0.16
-0.17
-0.17
-0.17
-0.18
-0.18
-0.18
-0.19
-0.19
-0.19
-0.20
-0.20
-0.20
-0.21
-0.21
-0.21
-0.22
-0.22
-0.22
-0.23
-0.23
-0.23
-0.24
-0.24
-0.24
-0.25
-0.25
-0.25
-0.26
-0.26
-0.26
-0.27
-0.27
-0.27
-0.28
-0.28
-0.28
-0.29
-0.29
-0.29
-0.30
-0.30
-0.30
-0.30
-0.30
-0.30
-0.30
-0.30
-0.30
-0.30
-0.30
-0.30
-0.30
-0.30
-0.30
-0.30
-0.30
-0.30
-0.30
-0.30
-0.30
-0.30
-0.30
-0.30
-0.30
-0.30
-0.30
-0.30
-0.30
-0.30
-0.30
-0.30
-0.30
-0.30
-0.30
-0.30
-0.30
-0.30
-0.30
-0.30
-0.30
-0.30
-0.30
-0.30
-0.30
-0.30
-0.30
-0.30
-0.30
-0.30
-0.30
-0.30
-0.30
-0.30
-0.30
-0.30
-0.30
-0.30
-0.30
-0.30
-0.30
-0.30
-0.28
-0.26
-0.24
-0.22
-0.20
-0.18
-0.16
-0.14
-0.12
-0.10
-0.08
-0.06
-0.04
-0.02
0.00
0.02
0.04
0.06
0.08
0.10
0.12
0.14
0.16
0.18
0.20
0.22
0.24
0.26
0.28
0.30
0.32
0.34
0.36
0.38
0.40
0.42
0.44
0.46
0.48
0.50
0.52
0.54
0.56
0.58
0.60
0.62
0.64
0.66
0.68
0.70
0.72
0.74
0.76
0.78
0.80
0.82
0.84
0.86
0.88
0.90
0.92
0.94
0.96
0.99
1.01
1.03
1.05
1.07
1.09
1.12
1.14
1.16
1.18
1.20
1.23
1.25
1.27
1.29
1.31
1.33
1.36
1.38
1.40
1.42
1.44
1.46
1.49
1.51
1.53
1.55
1.57
1.59
1.61
1.64
1.66
1.68
1.70
1.72
1.74
1.77
1.79
1.81
1.83
1.85
1.88
1.90
1.92
1.94
1.96
1.98
2.01
2.03
2.05
2.07
2.09
2.11
2.14
2.16
2.18
2.20
2.22
2.24
2.26
2.29
2.31
2.33
2.35
2.37
2.39
2.42
2.44
2.46
2.48
2.50
2.53
2.55
2.57
2.59
2.61
2.63
2.66
2.68
2.70
2.72
2.74
2.76
2.79
2.81
2.83
2.85
2.87
2.89
2.91
2.94
2.96
2.98
3.00
3.02
3.04
3.07
3.09
3.11
3.13
3.15
3.17
3.20
3.22
3.24
3.26
3.28
3.31
3.33
3.35
3.37
3.39
3.41
3.44
3.46
3.48
3.50
3.52
3.53
3.55
3.57
3.58
3.60
3.62
3.63
3.65
3.67
3.68
3.70
3.72
3.73
3.75
3.77
3.78
3.80
3.82
3.83
3.85
3.87
3.88
3.90
3.92
3.93
3.95
3.97
3.98
4.00
4.02
4.03
4.05
4.07
4.08
4.10
4.12
4.13
4.15
4.17
4.18
4.20
4.22
4.23
4.25
4.27
4.28
4.30
4.32
4.33
4.35
4.37
4.38
4.40
4.42
4.43
4.45
4.47
4.48
4.50
4.51
4.53
4.54
4.55
4.57
4.58
4.59
4.61
4.62
4.63
4.65
4.66
4.67
4.69
4.70
4.71
4.73
4.74
4.75
4.77
4.78
4.79
4.81
4.82
4.83
4.85
4.86
4.87
4.89
4.90
4.91
4.93
4.94
4.95
4.97
4.98
4.99
5.01
5.02
5.03
5.05
5.06
5.07
5.09
5.10
5.11
5.13
5.14
5.15
5.17
5.18
5.19
5.21
5.22
5.23
5.25
5.26
5.27
5.29
5.30
5.31
5.31
5.32
5.33
5.33
5.34
5.35
5.35
5.36
5.37
5.37
5.38
5.39
5.39
5.40
5.41
5.41
5.42
5.43
5.43
5.44
5.45
5.45
5.46
5.47
5.47
5.48
5.49
5.49
5.50
5.51
5.51
5.52
5.53
5.53
5.54
5.55
5.55
5.56
5.57
5.57
5.58
5.59
5.59
5.60
5.61
5.61
5.62
5.63
5.63
5.64
5.65
5.65
5.66
5.67
5.67
5.68
5.69
5.69
5.70
5.70
5.70
5.70
5.71
5.71
5.71
5.71
5.71
5.71
5.72
5.72
5.72
5.72
5.72
5.72
5.73
5.73
5.73
5.73
5.73
5.74
5.74
5.74
5.74
5.74
5.74
5.75
5.75
5.75
5.75
5.75
5.75
5.75
5.76
5.76
5.76
5.76
5.76
5.76
5.77
5.77
5.77
5.77
5.77
5.78
5.78
5.78
5.78
5.78
5.78
5.79
5.79
5.79
5.79
5.79
5.79
5.80
5.80
5.80
5.80
5.79
5.78
5.78
5.77
5.76
5.75
5.74
5.73
5.73
5.72
5.71
5.70
5.69
5.68
5.67
5.67
5.66
5.65
5.64
5.63
5.62
5.62
5.61
5.60
5.59
5.58
5.57
5.57
5.56
5.55
5.54
5.53
5.53
5.52
5.51
5.50
5.49
5.48
5.48
5.47
5.46
5.45
5.44
5.43
5.42
5.42
5.41
5.40
5.39
5.38
5.37
5.37
5.36
5.35
5.34
5.33
5.32
5.32
5.31
5.30
5.29
5.27
5.26
5.25
5.23
5.22
5.21
5.19
5.18
5.17
5.15
5.14
5.13
5.11
5.10
5.09
5.07
5.06
5.05
5.03
5.02
5.01
4.99
4.98
4.97
4.95
4.94
4.93
4.91
4.90
4.89
4.87
4.86
4.85
4.83
4.82
4.81
4.79
4.78
4.77
4.75
4.74
4.73
4.71
4.70
4.69
4.67
4.66
4.65
4.63
4.62
4.61
4.59
4.58
4.57
4.55
4.54
4.53
4.51
4.50
4.49
4.47
4.46
4.45
4.43
4.42
4.41
4.39
4.38
4.37
4.35
4.34
4.33
4.31
4.30
4.29
4.27
4.26
4.25
4.23
4.22
4.21
4.19
4.18
4.17
4.15
4.14
4.13
4.11
4.10
4.09
4.07
4.06
4.05
4.03
4.02
4.01
3.99
3.98
3.97
3.95
3.94
3.93
3.91
3.90
3.89
3.87
3.86
3.85
3.83
3.82
3.81
3.79
3.78
3.77
3.75
3.74
3.73
3.71
3.70
3.69
3.67
3.66
3.65
3.63
3.62
3.61
3.59
3.58
3.57
3.55
3.54
3.53
3.51
3.50
3.49
3.47
3.46
3.45
3.43
3.42
3.41
3.39
3.38
3.37
3.35
3.34
3.33
3.31
3.30
3.29
3.27
3.26
3.25
3.23
3.22
3.21
3.19
3.18
3.17
3.15
3.14
3.13
3.11
3.10
3.09
3.07
3.06
3.05
3.03
3.02
3.01
2.99
2.98
2.97
2.95
2.94
2.93
2.91
2.90
2.89
2.87
2.86
2.84
2.82
2.81
2.79
2.78
2.77
2.75
2.74
2.72
2.70
2.69
2.67
2.66
2.65
2.63
2.62
2.60
2.58
2.57
2.56
2.54
2.53
2.51
2.49
2.48
2.46
2.45
2.44
2.42
2.41
2.39
2.37
2.36
2.34
2.33
2.32
2.30
2.29
2.27
2.25
2.24
2.23
2.21
2.20
2.18
2.17
2.15
2.13
2.12
2.11
2.09
2.08
2.06
2.04
2.03
2.01
2.00
1.99
1.97
1.96
1.95
1.93
1.92
1.91
1.89
1.88
1.87
1.85
1.84
1.83
1.81
1.80
1.79
1.77
1.76
1.75
1.73
1.72
1.71
1.69
1.68
1.67
1.65
1.64
1.63
1.61
1.60
1.59
1.57
1.56
1.55
1.53
1.52
1.51
1.49
1.48
1.47
1.45
1.44
1.43
1.41
1.40
1.39
1.37
1.36
1.35
1.33
1.32
1.31
1.29
1.28
1.27
1.25
1.24
1.23
1.21
1.20
1.19
1.17
1.16
1.15
1.13
1.12
1.11
1.09
1.08
1.07
1.05
1.04
1.03
1.01
1.00
0.99
0.97
0.96
0.95
0.93
0.92
0.91
0.89
0.88
0.87
0.85
0.84
0.83
0.81
0.80
0.79
0.77
0.76
0.75
0.73
0.72
0.71
0.69
0.68
0.67
0.65
0.64
0.63
0.61
0.60
0.59
0.57
0.56
0.55
0.53
0.52
0.51
0.49
0.48
0.47
0.45
0.44
0.43
0.41
0.40
0.39
0.37
0.36
0.34
0.32
0.31
0.29
0.28
0.27
0.25
0.24
0.22
0.20
0.19
0.18
0.16
0.15
0.13
0.12
0.10
0.08
0.07
0.06
0.04
0.03
0.01
-0.01
-0.02
-0.04
-0.05
-0.06
-0.08
-0.09
-0.11
-0.13
-0.14
-0.16
-0.17
-0.18
-0.20
-0.21
-0.23
-0.25
-0.26
-0.28
-0.29
-0.30
-0.32
-0.33
-0.35
-0.37
-0.38
-0.39
-0.41
-0.42
-0.44
-0.46
-0.47
-0.49
-0.50
-0.51
-0.53
-0.54
-0.55
-0.57
-0.58
-0.59
-0.61
-0.62
-0.63
-0.65
-0.66
-0.67
-0.69
-0.70
-0.71
-0.73
-0.74
-0.75
-0.77
-0.78
-0.79
-0.81
-0.82
-0.83
-0.85
-0.86
-0.87
-0.89
-0.90
-0.91
-0.93
-0.94
-0.95
-0.97
-0.98
-0.99
-1.01
-1.02
-1.03
-1.05
-1.06
-1.07
-1.09
-1.10
-1.11
-1.13
-1.14
-1.15
-1.17
-1.18
-1.19
-1.21
-1.22
-1.23
-1.25
-1.26
-1.27
-1.29
-1.30
-1.31
-1.33
-1.34
-1.36
-1.38
-1.39
-1.41
-1.42
-1.43
-1.45
-1.46
-1.48
-1.50
-1.51
-1.53
-1.54
-1.55
-1.57
-1.58
-1.60
-1.62
-1.63
-1.64
-1.66
-1.67
-1.69
-1.71
-1.72
-1.74
-1.75
-1.76
-1.78
-1.79
-1.81
-1.83
-1.84
-1.86
-1.87
-1.88
-1.90
-1.91
-1.93
-1.95
-1.96
-1.98
-1.99
-2.00
-2.02
-2.03
-2.05
-2.07
-2.08
-2.09
-2.11
-2.12
-2.14
-2.16
-2.17
-2.19
-2.20
-2.21
-2.23
-2.24
-2.26
-2.28
-2.29
-2.31
-2.32
-2.33
-2.35
-2.36
-2.38
-2.40
-2.41
-2.43
-2.44
-2.45
-2.47
-2.48
-2.50
-2.52
-2.53
-2.54
-2.56
-2.57
-2.59
-2.61
-2.62
-2.64
-2.65
-2.66
-2.68
-2.69
-2.71
-2.73
-2.74
-2.76
-2.77
-2.78
-2.80
-2.81
-2.83
-2.85
-2.86
-2.88
-2.89
-2.90
-2.92
-2.93
-2.95
-2.97
-2.98
-2.99
-3.01
-3.02
-3.04
-3.06
-3.07
-3.09
-3.10
-3.12
-3.13
-3.15
-3.17
-3.18
-3.20
-3.22
-3.23
-3.25
-3.27
-3.28
-3.30
-3.32
-3.33
-3.35
-3.37
-3.38
-3.40
-3.42
-3.43
-3.45
-3.47
-3.48
-3.50
-3.52
-3.53
-3.55
-3.57
-3.58
-3.60
-3.62
-3.63
-3.65
-3.67
-3.68
-3.70
-3.72
-3.73
-3.75
-3.77
-3.78
-3.80
-3.82
-3.83
-3.85
-3.87
-3.88
-3.90
-3.92
-3.93
-3.95
-3.97
-3.98
-4.00
-4.02
-4.03
-4.05
-4.07
-4.08
-4.10
-4.11
-4.12
-4.12
-4.13
-4.14
-4.15
-4.16
-4.17
-4.17
-4.18
-4.19
-4.20
-4.21
-4.22
-4.22
-4.23
-4.24
-4.25
-4.26
-4.27
-4.28
-4.28
-4.29
-4.30
-4.31
-4.32
-4.33
-4.33
-4.34
-4.35
-4.36
-4.37
-4.37
-4.38
-4.39
-4.40
-4.41
-4.42
-4.42
-4.43
-4.44
-4.45
-4.46
-4.47
-4.47
-4.48
-4.49
-4.50
-4.51
-4.52
-4.53
-4.53
-4.54
-4.55
-4.56
-4.57
-4.58
-4.58
-4.59
-4.60
-4.61
-4.62
-4.62
-4.63
-4.64
-4.65
-4.66
-4.67
-4.67
-4.68
-4.69
-4.70
-4.71
-4.72
-4.72
-4.73
-4.74
-4.75
-4.76
-4.77
-4.78
-4.78
-4.79
-4.80
-4.81
-4.82
-4.82
-4.83
-4.84
-4.85
-4.86
-4.87
-4.87
-4.88
-4.89
-4.90
-4.91
-4.92
-4.92
-4.93
-4.94
-4.95
-4.96
-4.97
-4.97
-4.98
-4.99
-5.00
-5.01
-5.02
-5.03
-5.03
-5.04
-5.05
-5.06
-5.07
-5.07
-5.08
-5.09
-5.10
-5.11
-5.11
-5.12
-5.13
-5.13
-5.14
-5.15
-5.15
-5.16
-5.17
-5.17
-5.18
-5.19
-5.19
-5.20
-5.21
-5.21
-5.22
-5.23
-5.23
-5.24
-5.25
-5.25
-5.26
-5.27
-5.27
-5.28
-5.29
-5.29
-5.30
-5.31
-5.31
-5.32
-5.33
-5.33
-5.34
-5.35
-5.35
-5.36
-5.37
-5.37
-5.38
-5.39
-5.39
-5.40
-5.41
-5.41
-5.42
-5.43
-5.43
-5.44
-5.45
-5.45
-5.46
-5.47
-5.47
-5.48
-5.49
-5.49
-5.50
-5.51
-5.51
-5.52
-5.53
-5.53
-5.54
-5.55
-5.55
-5.56
-5.57
-5.57
-5.58
-5.59
-5.59
-5.60
-5.61
-5.61
-5.62
-5.63
-5.63
-5.64
-5.65
-5.65
-5.66
-5.67
-5.67
-5.68
-5.69
-5.69
-5.70
-5.71
-5.71
-5.72
-5.73
-5.73
-5.74
-5.75
-5.75
-5.76
-5.77
-5.77
-5.78
-5.79
-5.79
-5.80
-5.81
-5.81
-5.82
-5.83
-5.83
-5.84
-5.85
-5.85
-5.86
-5.87
-5.87
-5.88
-5.89
-5.89
-5.90
-5.90
-5.90
-5.90
-5.90
-5.90
-5.90
-5.90
-5.90
-5.90
-5.90
-5.90
-5.90
-5.90
-5.90
-5.90
-5.90
-5.90
-5.90
-5.90
-5.90
-5.90
-5.90
-5.90
-5.90
-5.90
-5.90
-5.90
-5.90
-5.90
-5.90
-5.90
-5.90
-5.90
-5.90
-5.90
-5.90
-5.90
-5.90
-5.90
-5.90
-5.90
-5.90
-5.90
-5.90
-5.90
-5.90
-5.90
-5.90
-5.90
-5.90
-5.90
-5.90
-5.90
-5.90
-5.90
-5.90
-5.90
-5.90
-5.90
-5.90
-5.90
-5.89
-5.89
-5.89
-5.88
-5.88
-5.88
-5.87
-5.87
-5.87
-5.86
-5.86
-5.86
-5.85
-5.85
-5.85
-5.84
-5.84
-5.84
-5.83
-5.83
-5.83
-5.82
-5.82
-5.82
-5.81
-5.81
-5.81
-5.80
-5.80
-5.80
-5.79
-5.79
-5.79
-5.78
-5.78
-5.78
-5.77
-5.77
-5.77
-5.76
-5.76
-5.76
-5.75
-5.75
-5.75
-5.74
-5.74
-5.74
-5.73
-5.73
-5.73
-5.72
-5.72
-5.72
-5.71
-5.71
-5.71
-5.70
-5.70
-5.69
-5.69
-5.68
-5.67
-5.67
-5.66
-5.65
-5.65
-5.64
-5.63
-5.63
-5.62
-5.61
-5.61
-5.60
-5.59
-5.59
-5.58
-5.57
-5.57
-5.56
-5.55
-5.55
-5.54
-5.53
-5.53
-5.52
-5.51
-5.51
-5.50
-5.49
-5.49
-5.48
-5.47
-5.47
-5.46
-5.45
-5.45
-5.44
-5.43
-5.43
-5.42
-5.41
-5.41
-5.40
-5.39
-5.39
-5.38
-5.37
-5.37
-5.36
-5.35
-5.35
-5.34
-5.33
-5.33
-5.32
-5.31
-5.31
-5.30
-5.27
-5.24
-5.22
-5.19
-5.16
-5.13
-5.10
-5.07
-5.05
-5.02
-4.99
-4.96
-4.93
-4.90
-4.88
-4.85
-4.82
-4.79
-4.76
-4.73
-4.70
-4.68
-4.65
-4.62
-4.59
-4.56
-4.54
-4.51
-4.48
-4.45
-4.42
-4.39
-4.37
-4.34
-4.31
-4.28
-4.25
-4.22
-4.20
-4.17
-4.14
-4.11
-4.08
-4.05
-4.03
-4.00
-3.97
-3.94
-3.91
-3.88
-3.85
-3.83
-3.80
-3.77
-3.74
-3.71
-3.69
-3.66
-3.63
-3.60
-3.58
-3.56
-3.54
-3.51
-3.49
-3.47
-3.45
-3.43
-3.41
-3.38
-3.36
-3.34
-3.32
-3.30
-3.27
-3.25
-3.23
-3.21
-3.19
-3.17
-3.14
-3.12
-3.10
-3.08
-3.06
-3.04
-3.02
-2.99
-2.97
-2.95
-2.93
-2.91
-2.89
-2.86
-2.84
-2.82
-2.80
-2.78
-2.76
-2.73
-2.71
-2.69
-2.67
-2.65
-2.62
-2.60
-2.58
-2.56
-2.54
-2.52
-2.49
-2.47
-2.45
-2.43
-2.41
-2.39
-2.37
-2.34
-2.32
-2.30
-2.31
-2.32
-2.32
-2.33
-2.34
-2.35
-2.36
-2.37
-2.37
-2.38
-2.39
-2.40
-2.41
-2.42
-2.42
-2.43
-2.44
-2.45
-2.46
-2.47
-2.48
-2.48
-2.49
-2.50
-2.51
-2.52
-2.52
-2.53
-2.54
-2.55
-2.56
-2.57
-2.57
-2.58
-2.59
-2.60
-2.61
-2.62
-2.62
-2.63
-2.64
-2.65
-2.66
-2.67
-2.67
-2.68
-2.69
-2.70
-2.71
-2.72
-2.73
-2.73
-2.74
-2.75
-2.76
-2.77
-2.77
-2.78
-2.79
-2.80
-2.80
-2.79
-2.79
-2.79
-2.78
-2.78
-2.78
-2.77
-2.77
-2.77
-2.76
-2.76
-2.76
-2.75
-2.75
-2.75
-2.74
-2.74
-2.74
-2.73
-2.73
-2.73
-2.72
-2.72
-2.72
-2.71
-2.71
-2.71
-2.70
-2.70
-2.70
-2.69
-2.69
-2.69
-2.68
-2.68
-2.68
-2.67
-2.67
-2.67
-2.66
-2.66
-2.66
-2.65
-2.65
-2.65
-2.64
-2.64
-2.64
-2.63
-2.63
-2.63
-2.62
-2.62
-2.62
-2.61
-2.61
-2.61
-2.60
-2.60
-2.60
-2.61
-2.61
-2.62
-2.63
-2.63
-2.64
-2.64
-2.64
-2.65
-2.65
-2.66
-2.67
-2.67
-2.67
-2.68
-2.68
-2.69
-2.69
-2.70
-2.71
-2.71
-2.71
-2.72
-2.72
-2.73
-2.73
-2.74
-2.75
-2.75
-2.75
-2.76
-2.76
-2.77
-2.78
-2.78
-2.79
-2.79
-2.79
-2.80
-2.80
-2.81
-2.82
-2.82
-2.83
-2.83
-2.83
-2.84
-2.84
-2.85
-2.86
-2.86
-2.86
-2.87
-2.87
-2.88
-2.88
-2.89
-2.90
-2.90
-2.91
-2.93
-2.94
-2.95
-2.97
-2.98
-2.99
-3.01
-3.02
-3.03
-3.05
-3.06
-3.07
-3.09
-3.10
-3.11
-3.13
-3.14
-3.15
-3.17
-3.18
-3.19
-3.21
-3.22
-3.23
-3.25
-3.26
-3.27
-3.29
-3.30
-3.31
-3.33
-3.34
-3.35
-3.37
-3.38
-3.39
-3.41
-3.42
-3.43
-3.45
-3.46
-3.47
-3.49
-3.50
-3.51
-3.53
-3.54
-3.55
-3.57
-3.58
-3.59
-3.61
-3.62
-3.63
-3.65
-3.66
-3.67
-3.69
-3.70
-3.71
-3.72
-3.73
-3.74
-3.75
-3.76
-3.77
-3.78
-3.79
-3.80
-3.81
-3.82
-3.83
-3.84
-3.85
-3.86
-3.87
-3.88
-3.89
-3.90
-3.91
-3.92
-3.93
-3.94
-3.95
-3.96
-3.97
-3.98
-3.99
-4.00
-4.01
-4.02
-4.03
-4.04
-4.05
-4.06
-4.07
-4.08
-4.09
-4.10
-4.11
-4.12
-4.13
-4.14
-4.15
-4.16
-4.17
-4.18
-4.19
-4.20
-4.21
-4.22
-4.23
-4.24
-4.25
-4.26
-4.27
-4.28
-4.29
-4.30
-4.31
-4.32
-4.33
-4.34
-4.35
-4.36
-4.37
-4.38
-4.39
-4.40
-4.41
-4.42
-4.43
-4.44
-4.45
-4.46
-4.47
-4.48
-4.49
-4.50
-4.51
-4.52
-4.53
-4.54
-4.55
-4.56
-4.57
-4.58
-4.59
-4.60
-4.61
-4.62
-4.63
-4.64
-4.65
-4.66
-4.67
-4.68
-4.69
-4.70
-4.71
-4.72
-4.73
-4.74
-4.75
-4.76
-4.77
-4.78
-4.79
-4.80
-4.81
-4.82
-4.83
-4.84
-4.85
-4.86
-4.87
-4.88
-4.89
-4.90
-4.90
-4.91
-4.91
-4.92
-4.93
-4.93
-4.94
-4.94
-4.94
-4.95
-4.95
-4.96
-4.97
-4.97
-4.98
-4.98
-4.98
-4.99
-4.99
-5.00
-5.01
-5.01
-5.01
-5.02
-5.02
-5.03
-5.03
-5.04
-5.05
-5.05
-5.05
-5.06
-5.06
-5.07
-5.08
-5.08
-5.09
-5.09
-5.09
-5.10
-5.10
-5.11
-5.12
-5.12
-5.12
-5.13
-5.13
-5.14
-5.14
-5.15
-5.16
-5.16
-5.16
-5.17
-5.17
-5.18
-5.18
-5.19
-5.20
-5.20
-5.20
-5.21
-5.21
-5.22
-5.23
-5.23
-5.24
-5.24
-5.24
-5.25
-5.25
-5.26
-5.27
-5.27
-5.28
-5.28
-5.28
-5.29
-5.29
-5.30
-5.31
-5.31
-5.31
-5.32
-5.32
-5.33
-5.33
-5.34
-5.35
-5.35
-5.35
-5.36
-5.36
-5.37
-5.38
-5.38
-5.39
-5.39
-5.39
-5.40
-5.40
-5.41
-5.42
-5.42
-5.42
-5.43
-5.43
-5.44
-5.44
-5.45
-5.46
-5.46
-5.46
-5.47
-5.47
-5.48
-5.48
-5.49
-5.50
-5.50
-5.50
-5.51
-5.51
-5.52
-5.53
-5.53
-5.54
-5.54
-5.54
-5.55
-5.55
-5.56
-5.57
-5.57
-5.58
-5.58
-5.58
-5.59
-5.59
-5.60
-5.61
-5.61
-5.61
-5.62
-5.62
-5.63
-5.63
-5.64
-5.65
-5.65
-5.65
-5.66
-5.66
-5.67
-5.68
-5.68
-5.69
-5.69
-5.69
-5.70
-5.70
-5.71
-5.72
-5.72
-5.72
-5.73
-5.73
-5.74
-5.74
-5.75
-5.76
-5.76
-5.76
-5.77
-5.77
-5.78
-5.78
-5.79
-5.80
-5.80
-5.80
-5.81
-5.81
-5.82
-5.83
-5.83
-5.84
-5.84
-5.84
-5.85
-5.85
-5.86
-5.87
-5.87
-5.88
-5.88
-5.88
-5.89
-5.89
-5.90
-5.91
-5.91
-5.91
-5.92
-5.92
-5.93
-5.93
-5.94
-5.95
-5.95
-5.95
-5.96
-5.96
-5.97
-5.98
-5.98
-5.99
-5.99
-5.99
-6.00
-6.00
-6.01
-6.02
-6.02
-6.02
-6.03
-6.03
-6.04
-6.04
-6.05
-6.06
-6.06
-6.06
-6.07
-6.07
-6.08
-6.08
-6.09
-6.10
-6.10
-6.10
-6.11
-6.11
-6.12
-6.13
-6.13
-6.14
-6.14
-6.14
-6.15
-6.15
-6.16
-6.17
-6.17
-6.17
-6.18
-6.18
-6.19
-6.19
-6.20
-6.21
-6.21
-6.21
-6.22
-6.22
-6.23
-6.23
-6.24
-6.25
-6.25
-6.25
-6.26
-6.26
-6.27
-6.28
-6.28
-6.29
-6.29
-6.29
-6.30
-6.30
-6.31
-6.32
-6.32
-6.33
-6.33
-6.33
-6.34
-6.34
-6.35
-6.36
-6.36
-6.36
-6.37
-6.37
-6.38
-6.38
-6.39
-6.40
-6.40
-6.40
-6.41
-6.41
-6.42
-6.43
-6.43
-6.44
-6.44
-6.44
-6.45
-6.45
-6.46
-6.47
-6.47
-6.48
-6.48
-6.48
-6.49
-6.49
-6.50
-6.51
-6.51
-6.51
-6.52
-6.52
-6.53
-6.53
-6.54
-6.55
-6.55
-6.55
-6.56
-6.56
-6.57
-6.58
-6.58
-6.59
-6.59
-6.59
-6.60
-6.60
-6.61
-6.62
-6.62
-6.62
-6.63
-6.63
-6.64
-6.64
-6.65
-6.66
-6.66
-6.66
-6.67
-6.67
-6.68
-6.68
-6.69
-6.70
-6.70
-6.70
-6.69
-6.69
-6.69
-6.68
-6.68
-6.68
-6.67
-6.67
-6.67
-6.66
-6.66
-6.66
-6.65
-6.65
-6.65
-6.64
-6.64
-6.64
-6.63
-6.63
-6.63
-6.62
-6.62
-6.62
-6.61
-6.61
-6.61
-6.60
-6.60
-6.60
-6.59
-6.59
-6.59
-6.58
-6.58
-6.58
-6.57
-6.57
-6.57
-6.56
-6.56
-6.56
-6.55
-6.55
-6.55
-6.54
-6.54
-6.54
-6.53
-6.53
-6.53
-6.52
-6.52
-6.52
-6.51
-6.51
-6.51
-6.50
