0.00
0.00
0.00
0.00
0.00
0.00
0.00
0.00
0.00
0.00
0.00
0.00
0.00
0.00
0.00
0.00
0.00
0.00
0.00
0.00
0.00
0.00
0.00
0.00
0.00
0.00
0.00
0.00
0.00
0.00
0.00
0.00
0.00
0.00
0.00
0.00
0.00
0.00
0.00
0.00
0.00
0.00
0.00
0.00
0.00
0.00
0.00
0.00
0.00
0.00
0.00
0.00
0.00
0.00
0.00
0.00
0.00
0.00
0.00
0.00
0.00
0.00
0.00
0.00
0.00
0.00
0.00
0.00
0.00
0.00
0.00
0.00
0.00
0.00
0.00
0.00
0.00
0.00
0.00
0.00
0.00
0.00
0.00
0.00
0.00
0.00
0.00
0.00
0.00
0.00
0.00
0.00
0.00
0.00
0.00
0.00
0.00
0.00
0.00
0.00
0.00
0.00
0.00
0.00
0.00
0.00
0.00
0.00
0.00
0.00
0.00
0.00
0.00
0.00
0.00
0.00
0.00
0.00
0.00
0.00
0.00
0.00
0.00
0.00
0.00
0.00
0.00
0.00
0.00
0.00
0.00
0.00
0.00
0.00
0.00
0.00
0.00
0.00
0.00
0.00
0.00
0.00
0.00
0.00
0.00
0.00
0.00
0.00
0.00
0.00
0.00
0.00
0.00
0.00
0.00
0.00
0.00
0.00
0.00
0.00
0.00
0.00
0.00
0.00
0.00
0.00
0.00
0.00
0.00
0.00
0.00
0.00
0.00
0.00
0.00
0.00
0.00
0.00
0.00
0.00
0.00
0.00
0.00
0.00
0.00
0.00
0.00
0.00
0.00
0.00
0.00
0.00
0.00
0.00
0.00
0.00
0.00
0.00
0.00
0.00
0.00
0.00
0.00
0.00
0.00
0.00
0.00
0.00
0.00
0.00
0.00
0.00
0.00
0.00
0.00
0.00
0.00
0.00
0.00
0.00
0.00
0.00
0.00
0.00
0.00
0.00
0.00
0.00
0.00
0.00
0.00
0.00
0.00
0.00
0.00
0.00
0.00
0.00
0.00
0.00
0.00
0.00
0.00
0.00
0.00
0.00
0.00
0.00
0.00
0.00
0.00
0.00
0.00
0.00
0.00
0.00
0.00
0.00
0.00
0.00
0.00
0.00
0.00
0.00
0.00
0.00
0.00
0.00
0.00
0.00
0.00
0.00
0.00
0.00
0.00
0.00
0.00
0.00
0.00
0.00
0.00
0.00
0.00
0.00
0.00
0.00
0.00
0.00
0.00
0.00
0.00
0.00
0.00
0.00
0.00
0.00
0.00
0.00
0.00
0.00
0.00
0.00
0.00
0.00
0.00
0.00
0.00
0.00
0.00
0.00
0.00
0.00
0.00
0.00
0.00
0.00
0.00
0.00
0.00
0.00
0.00
0.00
0.00
0.00
0.00
0.00
0.00
0.00
0.00
0.00
0.00
0.00
0.00
0.00
0.00
0.00
0.00
0.00
0.00
0.00
0.00
0.00
0.00
0.00
0.00
0.00
0.00
0.00
0.00
0.00
0.00
0.00
0.00
0.00
0.00
0.00
0.00
0.00
0.00
0.00
0.00
0.00
0.00
0.00
0.00
0.00
0.00
0.00
0.00
0.00
0.00
0.00
0.00
0.00
0.00
0.00
0.00
0.00
0.00
0.00
0.00
0.00
0.00
0.00
0.00
0.00
0.00
0.00
0.00
0.00
0.00
0.00
0.00
0.00
0.00
0.00
0.00
0.00
0.00
0.00
0.00
0.00
0.00
0.00
0.00
0.00
0.00
0.00
0.00
0.00
0.00
0.00
0.00
0.00
0.00
0.00
0.00
0.00
0.00
0.00
0.00
0.08
0.17
0.25
0.33
0.42
0.50
0.58
0.67
0.75
0.83
0.92
1.00
1.08
1.17
1.25
1.33
1.42
1.50
1.58
1.67
1.75
1.83
1.92
2.00
2.08
2.17
2.25
2.33
2.42
2.50
2.58
2.67
2.75
2.83
2.92
3.00
3.08
3.17
3.25
3.33
3.42
3.50
3.58
3.67
3.75
3.83
3.92
4.00
4.08
4.17
4.25
4.33
4.42
4.50
4.58
4.67
4.75
4.83
4.92
5.00
9.52
14.03
18.55
23.07
27.58
32.10
36.62
41.13
45.65
50.17
54.68
59.20
63.72
68.23
72.75
77.27
81.78
86.30
90.82
95.33
99.85
104.37
108.88
113.40
117.92
122.43
126.95
131.47
135.98
140.50
145.02
149.53
154.05
158.57
163.08
167.60
172.12
176.63
181.15
185.67
190.18
194.70
199.22
203.73
208.25
212.77
217.28
221.80
226.32
230.83
235.35
239.87
244.38
248.90
253.42
257.93
262.45
266.97
271.48
276.00
278.98
281.97
284.95
287.93
290.92
293.90
296.88
299.87
302.85
305.83
308.82
311.80
314.78
317.77
320.75
323.73
326.72
329.70
332.68
335.67
338.65
341.63
344.62
347.60
350.58
353.57
356.55
359.53
362.52
365.50
368.48
371.47
374.45
377.43
380.42
383.40
386.38
389.37
392.35
395.33
398.32
401.30
404.28
407.27
410.25
413.23
416.22
419.20
422.18
425.17
428.15
431.13
434.12
437.10
440.08
443.07
446.05
449.03
452.02
455.00
455.82
456.63
457.45
458.27
459.08
459.90
460.72
461.53
462.35
463.17
463.98
464.80
465.62
466.43
467.25
468.07
468.88
469.70
470.52
471.33
472.15
472.97
473.78
474.60
475.42
476.23
477.05
477.87
478.68
479.50
480.32
481.13
481.95
482.77
483.58
484.40
485.22
486.03
486.85
487.67
488.48
489.30
490.12
490.93
491.75
492.57
493.38
494.20
495.02
495.83
496.65
497.47
498.28
499.10
499.92
500.73
501.55
502.37
503.18
504.00
501.83
499.67
497.50
495.33
493.17
491.00
488.83
486.67
484.50
482.33
480.17
478.00
475.83
473.67
471.50
469.33
467.17
465.00
462.83
460.67
458.50
456.33
454.17
452.00
449.83
447.67
445.50
443.33
441.17
439.00
436.83
434.67
432.50
430.33
428.17
426.00
423.83
421.67
419.50
417.33
415.17
413.00
410.83
408.67
406.50
404.33
402.17
400.00
397.83
395.67
393.50
391.33
389.17
387.00
384.83
382.67
380.50
378.33
376.17
374.00
376.15
378.30
380.45
382.60
384.75
386.90
389.05
391.20
393.35
395.50
397.65
399.80
401.95
404.10
406.25
408.40
410.55
412.70
414.85
417.00
419.15
421.30
423.45
425.60
427.75
429.90
432.05
434.20
436.35
438.50
440.65
442.80
444.95
447.10
449.25
451.40
453.55
455.70
457.85
460.00
462.15
464.30
466.45
468.60
470.75
472.90
475.05
477.20
479.35
481.50
483.65
485.80
487.95
490.10
492.25
494.40
496.55
498.70
500.85
503.00
502.02
501.03
500.05
499.07
498.08
497.10
496.12
495.13
494.15
493.17
492.18
491.20
490.22
489.23
488.25
487.27
486.28
485.30
484.32
483.33
482.35
481.37
480.38
479.40
478.42
477.43
476.45
475.47
474.48
473.50
472.52
471.53
470.55
469.57
468.58
467.60
466.62
465.63
464.65
463.67
462.68
461.70
460.72
459.73
458.75
457.77
456.78
455.80
454.82
453.83
452.85
451.87
450.88
449.90
448.92
447.93
446.95
445.97
444.98
444.00
440.72
437.43
434.15
430.87
427.58
424.30
421.02
417.73
414.45
411.17
407.88
404.60
401.32
398.03
394.75
391.47
388.18
384.90
381.62
378.33
375.05
371.77
368.48
365.20
361.92
358.63
355.35
352.07
348.78
345.50
342.22
338.93
335.65
332.37
329.08
325.80
322.52
319.23
315.95
312.67
309.38
306.10
302.82
299.53
296.25
292.97
289.68
286.40
283.12
279.83
276.55
273.27
269.98
266.70
263.42
260.13
256.85
253.57
250.28
247.00
242.92
238.83
234.75
230.67
226.58
222.50
218.42
214.33
210.25
206.17
202.08
198.00
193.92
189.83
185.75
181.67
177.58
173.50
169.42
165.33
161.25
157.17
153.08
149.00
144.92
140.83
136.75
132.67
128.58
124.50
120.42
116.33
112.25
108.17
104.08
100.00
95.92
91.83
87.75
83.67
79.58
75.50
71.42
67.33
63.25
59.17
55.08
51.00
46.92
42.83
38.75
34.67
30.58
26.50
22.42
18.33
14.25
10.17
6.08
2.00
1.97
1.93
1.90
1.87
1.83
1.80
1.77
1.73
1.70
1.67
1.63
1.60
1.57
1.53
1.50
1.47
1.43
1.40
1.37
1.33
1.30
1.27
1.23
1.20
1.17
1.13
1.10
1.07
1.03
1.00
0.97
0.93
0.90
0.87
0.83
0.80
0.77
0.73
0.70
0.67
0.63
0.60
0.57
0.53
0.50
0.47
0.43
0.40
0.37
0.33
0.30
0.27
0.23
0.20
0.17
0.13
0.10
0.07
0.03
0.00
0.00
0.00
0.00
0.00
0.00
0.00
0.00
0.00
0.00
0.00
0.00
0.00
0.00
0.00
0.00
0.00
0.00
0.00
0.00
0.00
0.00
0.00
0.00
0.00
0.00
0.00
0.00
0.00
0.00
0.00
0.00
0.00
0.00
0.00
0.00
0.00
0.00
0.00
0.00
0.00
0.00
0.00
0.00
0.00
0.00
0.00
0.00
0.00
0.00
0.00
0.00
0.00
0.00
0.00
0.00
0.00
0.00
0.00
0.00
0.00
0.00
0.00
0.00
0.00
0.00
0.00
0.00
0.00
0.00
0.00
0.00
0.00
0.00
0.00
0.00
0.00
0.00
0.00
0.00
0.00
0.00
0.00
0.00
0.00
0.00
0.00
0.00
0.00
0.00
0.00
0.00
0.00
0.00
0.00
0.00
0.00
0.00
0.00
0.00
0.00
0.00
0.00
0.00
0.00
0.00
0.00
0.00
0.00
0.00
0.00
0.00
0.00
0.00
0.00
0.00
0.00
0.00
0.00
0.00
0.00
0.00
0.00
0.00
0.00
0.00
0.00
0.00
0.00
0.00
0.00
0.00
0.00
0.00
0.00
0.00
0.00
0.00
0.00
0.00
0.00
0.00
0.00
0.00
0.00
0.00
0.00
0.00
0.00
0.00
0.00
0.00
0.00
0.00
0.00
0.00
0.00
0.00
0.00
0.00
0.00
0.00
0.00
0.00
0.00
0.00
0.00
0.00
0.00
0.00
0.00
0.00
0.00
0.00
0.00
0.00
0.00
0.00
0.00
0.00
0.00
0.00
0.00
0.00
0.00
0.00
0.00
0.00
0.00
0.00
0.00
0.00
0.00
0.00
0.00
0.00
0.00
0.00
0.00
0.00
0.00
0.00
0.00
0.00
0.00
0.00
0.00
0.00
0.00
0.00
0.00
0.00
0.00
0.00
0.00
0.00
0.00
0.00
0.00
0.00
0.00
0.00
0.00
0.00
0.00
0.00
0.00
0.00
0.00
0.00
0.00
0.00
0.00
0.00
0.00
0.00
0.00
0.00
0.00
0.00
0.00
0.00
0.00
0.00
0.00
0.00
0.00
0.00
0.00
0.00
0.00
0.00
0.00
0.00
0.00
0.00
0.00
0.00
0.00
0.00
0.00
0.00
0.00
0.00
0.00
0.00
0.00
0.00
0.00
0.00
0.00
0.00
0.00
0.00
0.00
0.00
0.00
0.00
0.00
0.00
0.00
0.00
0.00
0.00
0.00
0.00
0.00
0.00
0.00
0.00
0.00
0.00
0.00
0.00
0.00
0.00
0.00
0.00
0.00
0.00
0.00
0.00
0.00
0.00
0.00
0.00
0.00
0.00
0.00
0.00
0.00
0.00
0.00
0.00
0.00
0.00
0.00
0.00
0.00
0.00
0.00
0.00
0.00
0.00
0.00
0.00
0.00
0.00
0.00
0.00
0.00
0.00
0.00
0.00
0.00
0.00
0.00
0.00
0.00
0.00
0.00
0.00
0.00
0.00
0.00
0.00
0.00
0.00
0.00
0.00
0.00
0.00
0.00
0.00
0.00
0.00
0.00
0.00
0.00
0.00
0.00
0.00
0.00
0.00
0.00
0.00
0.00
0.00
0.00
0.00
0.00
0.00
0.00
0.00
0.00
0.00
0.00
0.00
0.00
0.00
0.00
0.00
0.00
0.00
0.00
0.00
0.00
0.00
0.00
0.00
0.00
0.00
0.00
0.00
0.00
0.00
0.00
0.00
0.00
0.00
0.00
0.00
0.00
0.00
0.00
0.00
0.00
0.00
0.00
0.00
0.00
0.00
0.00
0.00
0.00
0.00
0.00
0.00
0.00
0.00
0.00
0.00
0.00
0.00
0.00
0.00
0.00
0.00
0.00
0.00
0.00
0.00
0.00
0.00
0.00
0.00
0.00
0.00
0.00
0.00
0.00
0.00
0.00
0.00
0.00
0.00
0.00
0.00
0.00
0.00
0.00
0.00
0.00
0.00
0.00
0.00
0.00
0.00
0.00
0.00
0.00
0.00
0.00
0.00
0.00
0.00
0.00
0.00
0.00
0.00
0.00
0.00
0.00
0.00
0.00
0.00
0.00
0.00
0.00
0.00
0.00
0.00
0.00
0.00
0.00
0.00
0.00
0.00
0.00
0.00
0.00
0.00
0.00
0.00
0.00
0.00
0.00
0.00
0.00
0.00
0.00
0.00
0.00
0.00
0.00
0.00
0.00
0.00
0.00
0.00
0.00
0.00
0.00
0.00
0.00
0.00
0.00
0.00
0.00
0.00
0.00
0.00
0.00
0.00
0.00
0.00
0.00
0.00
0.00
0.00
0.00
0.00
0.00
0.00
0.00
0.00
0.00
0.00
0.00
0.00
0.00
0.00
0.00
0.00
0.00
0.00
0.00
0.00
0.00
0.00
0.00
0.00
0.00
0.00
0.00
0.00
0.00
0.00
0.00
0.00
0.00
0.00
0.00
0.00
0.00
0.00
0.00
0.00
0.00
0.00
0.00
0.00
0.00
0.00
0.00
0.00
0.00
0.00
0.00
0.00
0.00
0.00
0.00
0.00
0.00
0.00
0.00
0.00
0.00
0.00
0.00
0.00
0.00
0.00
0.00
0.00
0.00
0.00
0.00
0.00
0.00
0.00
0.00
0.00
0.00
0.00
0.00
0.00
0.00
0.00
0.00
0.00
0.00
0.00
0.00
0.00
0.00
0.00
0.00
0.00
0.00
0.00
0.00
0.00
0.00
0.00
0.00
0.00
0.00
0.00
0.00
0.00
0.00
0.00
0.00
0.00
0.00
0.00
0.00
0.00
0.00
0.00
0.00
0.00
0.00
0.00
0.00
0.00
0.00
0.00
0.00
0.00
0.00
0.00
0.00
0.00
0.00
0.00
0.00
0.00
0.00
0.00
0.00
0.00
0.00
0.00
0.00
0.00
0.00
0.00
0.00
0.00
0.00
0.00
0.00
0.00
0.00
0.00
0.00
0.00
0.00
0.00
0.00
0.00
0.00
0.00
0.00
0.00
0.00
0.00
0.00
0.00
0.00
0.00
0.00
0.00
0.00
0.00
0.00
0.00
0.00
0.00
0.00
0.00
0.00
0.00
0.00
0.00
0.00
0.00
0.00
0.00
0.00
0.00
0.00
0.00
0.00
0.00
0.00
0.00
0.00
0.00
0.00
0.00
0.00
0.00
0.00
0.00
0.00
0.00
0.00
0.00
0.00
0.00
0.00
0.00
0.00
0.00
0.00
0.00
0.00
0.00
0.00
0.00
0.00
0.00
0.00
0.00
0.00
0.00
0.00
0.00
0.00
0.00
0.00
0.00
0.00
0.00
0.00
0.00
0.00
0.00
0.00
0.00
0.00
0.00
0.00
0.00
0.00
0.00
0.00
0.00
0.00
0.00
0.00
0.00
0.00
0.00
0.00
0.00
0.00
0.00
0.00
0.00
0.00
0.00
0.00
0.00
0.00
0.00
0.00
0.00
0.00
0.00
0.00
0.00
0.00
0.00
0.00
0.00
0.00
0.00
0.00
0.00
0.00
0.00
0.00
0.00
0.00
0.00
0.00
0.00
0.00
0.00
0.00
0.00
0.00
0.00
0.00
0.00
0.00
0.00
0.00
0.00
0.00
0.00
0.00
0.00
0.00
0.00
0.00
0.00
0.00
0.00
0.00
0.00
0.00
0.00
0.00
0.00
0.00
0.05
0.10
0.15
0.20
0.25
0.30
0.35
0.40
0.45
0.50
0.55
0.60
0.65
0.70
0.75
0.80
0.85
0.90
0.95
1.00
1.05
1.10
1.15
1.20
1.25
1.30
1.35
1.40
1.45
1.50
1.55
1.60
1.65
1.70
1.75
1.80
1.85
1.90
1.95
2.00
2.05
2.10
2.15
2.20
2.25
2.30
2.35
2.40
2.45
2.50
2.55
2.60
2.65
2.70
2.75
2.80
2.85
2.90
2.95
3.00
6.20
9.40
12.60
15.80
19.00
22.20
25.40
28.60
31.80
35.00
38.20
41.40
44.60
47.80
51.00
54.20
57.40
60.60
63.80
67.00
70.20
73.40
76.60
79.80
83.00
86.20
89.40
92.60
95.80
99.00
102.20
105.40
108.60
111.80
115.00
118.20
121.40
124.60
127.80
131.00
134.20
137.40
140.60
143.80
147.00
150.20
153.40
156.60
159.80
163.00
166.20
169.40
172.60
175.80
179.00
182.20
185.40
188.60
191.80
195.00
197.40
199.80
202.20
204.60
207.00
209.40
211.80
214.20
216.60
219.00
221.40
223.80
226.20
228.60
231.00
233.40
235.80
238.20
240.60
243.00
245.40
247.80
250.20
252.60
255.00
257.40
259.80
262.20
264.60
267.00
269.40
271.80
274.20
276.60
279.00
281.40
283.80
286.20
288.60
291.00
293.40
295.80
298.20
300.60
303.00
305.40
307.80
310.20
312.60
315.00
317.40
319.80
322.20
324.60
327.00
329.40
331.80
334.20
336.60
339.00
341.18
343.37
345.55
347.73
349.92
352.10
354.28
356.47
358.65
360.83
363.02
365.20
367.38
369.57
371.75
373.93
376.12
378.30
380.48
382.67
384.85
387.03
389.22
391.40
393.58
395.77
397.95
400.13
402.32
404.50
406.68
408.87
411.05
413.23
415.42
417.60
419.78
421.97
424.15
426.33
428.52
430.70
432.88
435.07
437.25
439.43
441.62
443.80
445.98
448.17
450.35
452.53
454.72
456.90
459.08
461.27
463.45
465.63
467.82
470.00
469.85
469.70
469.55
469.40
469.25
469.10
468.95
468.80
468.65
468.50
468.35
468.20
468.05
467.90
467.75
467.60
467.45
467.30
467.15
467.00
466.85
466.70
466.55
466.40
466.25
466.10
465.95
465.80
465.65
465.50
465.35
465.20
465.05
464.90
464.75
464.60
464.45
464.30
464.15
464.00
463.85
463.70
463.55
463.40
463.25
463.10
462.95
462.80
462.65
462.50
462.35
462.20
462.05
461.90
461.75
461.60
461.45
461.30
461.15
461.00
460.75
460.50
460.25
460.00
459.75
459.50
459.25
459.00
458.75
458.50
458.25
458.00
457.75
457.50
457.25
457.00
456.75
456.50
456.25
456.00
455.75
455.50
455.25
455.00
454.75
454.50
454.25
454.00
453.75
453.50
453.25
453.00
452.75
452.50
452.25
452.00
451.75
451.50
451.25
451.00
450.75
450.50
450.25
450.00
449.75
449.50
449.25
449.00
448.75
448.50
448.25
448.00
447.75
447.50
447.25
447.00
446.75
446.50
446.25
446.00
442.73
439.47
436.20
432.93
429.67
426.40
423.13
419.87
416.60
413.33
410.07
406.80
403.53
400.27
397.00
393.73
390.47
387.20
383.93
380.67
377.40
374.13
370.87
367.60
364.33
361.07
357.80
354.53
351.27
348.00
344.73
341.47
338.20
334.93
331.67
328.40
325.13
321.87
318.60
315.33
312.07
308.80
305.53
302.27
299.00
295.73
292.47
289.20
285.93
282.67
279.40
276.13
272.87
269.60
266.33
263.07
259.80
256.53
253.27
250.00
248.18
246.37
244.55
242.73
240.92
239.10
237.28
235.47
233.65
231.83
230.02
228.20
226.38
224.57
222.75
220.93
219.12
217.30
215.48
213.67
211.85
210.03
208.22
206.40
204.58
202.77
200.95
199.13
197.32
195.50
193.68
191.87
190.05
188.23
186.42
184.60
182.78
180.97
179.15
177.33
175.52
173.70
171.88
170.07
168.25
166.43
164.62
162.80
160.98
159.17
157.35
155.53
153.72
151.90
150.08
148.27
146.45
144.63
142.82
141.00
138.68
136.37
134.05
131.73
129.42
127.10
124.78
122.47
120.15
117.83
115.52
113.20
110.88
108.57
106.25
103.93
101.62
99.30
96.98
94.67
92.35
90.03
87.72
85.40
83.08
80.77
78.45
76.13
73.82
71.50
69.18
66.87
64.55
62.23
59.92
57.60
55.28
52.97
50.65
48.33
46.02
43.70
41.38
39.07
36.75
34.43
32.12
29.80
27.48
25.17
22.85
20.53
18.22
15.90
13.58
11.27
8.95
6.63
4.32
2.00
1.97
1.93
1.90
1.87
1.83
1.80
1.77
1.73
1.70
1.67
1.63
1.60
1.57
1.53
1.50
1.47
1.43
1.40
1.37
1.33
1.30
1.27
1.23
1.20
1.17
1.13
1.10
1.07
1.03
1.00
0.97
0.93
0.90
0.87
0.83
0.80
0.77
0.73
0.70
0.67
0.63
0.60
0.57
0.53
0.50
0.47
0.43
0.40
0.37
0.33
0.30
0.27
0.23
0.20
0.17
0.13
0.10
0.07
0.03
0.00
0.00
0.00
0.00
0.00
0.00
0.00
0.00
0.00
0.00
0.00
0.00
0.00
0.00
0.00
0.00
0.00
0.00
0.00
0.00
0.00
0.00
0.00
0.00
0.00
0.00
0.00
0.00
0.00
0.00
0.00
0.00
0.00
0.00
0.00
0.00
0.00
0.00
0.00
0.00
0.00
0.00
0.00
0.00
0.00
0.00
0.00
0.00
0.00
0.00
0.00
0.00
0.00
0.00
0.00
0.00
0.00
0.00
0.00
0.00
0.00
0.00
0.00
0.00
0.00
0.00
0.00
0.00
0.00
0.00
0.00
0.00
0.00
0.00
0.00
0.00
0.00
0.00
0.00
0.00
0.00
0.00
0.00
0.00
0.00
0.00
0.00
0.00
0.00
0.00
0.00
0.00
0.00
0.00
0.00
0.00
0.00
0.00
0.00
0.00
0.00
0.00
0.00
0.00
0.00
0.00
0.00
0.00
0.00
0.00
0.00
0.00
0.00
0.00
0.00
0.00
0.00
0.00
0.00
0.00
0.00
0.00
0.00
0.00
0.00
0.00
0.00
0.00
0.00
0.00
0.00
0.00
0.00
0.00
0.00
0.00
0.00
0.00
0.00
0.00
0.00
0.00
0.00
0.00
0.00
0.00
0.00
0.00
0.00
0.00
0.00
0.00
0.00
0.00
0.00
0.00
0.00
0.00
0.00
0.00
0.00
0.00
0.00
0.00
0.00
0.00
0.00
0.00
0.00
0.00
0.00
0.00
0.00
0.00
0.00
0.00
0.00
0.00
0.00
0.00
0.00
0.00
0.00
0.00
0.00
0.00
0.00
0.00
0.00
0.00
0.00
0.00
0.00
0.00
0.00
0.00
0.00
0.00
0.00
0.00
0.00
0.00
0.00
0.00
0.00
0.00
0.00
0.00
0.00
0.00
0.00
0.00
0.00
0.00
0.00
0.00
0.00
0.00
0.00
0.00
0.00
0.00
0.00
0.00
0.00
0.00
0.00
0.00
0.00
0.00
0.00
0.00
0.00
0.00
0.00
0.00
0.00
0.00
0.00
0.00
0.00
0.00
0.00
0.00
0.00
0.00
0.00
0.00
0.00
0.00
0.00
0.00
0.00
0.00
0.00
0.00
0.00
0.00
0.00
0.00
0.00
0.00
0.00
0.00
0.00
0.00
0.00
0.00
0.00
0.00
0.00
0.00
0.00
0.00
0.00
0.00
0.00
0.00
0.00
0.00
0.00
0.00
0.00
0.00
0.00
0.00
0.00
0.00
0.00
0.00
0.00
0.00
0.00
0.00
0.00
0.00
0.00
0.00
0.00
0.00
0.00
0.00
0.00
0.00
0.00
0.00
0.00
0.00
0.00
0.00
0.00
0.00
0.00
0.00
0.00
0.00
0.00
0.00
0.00
0.00
0.00
0.00
0.00
0.00
0.00
0.00
0.00
0.00
0.00
0.00
0.00
0.00
0.00
0.00
0.00
0.00
0.00
0.00
0.00
0.00
0.00
0.00
0.00
0.00
0.00
0.00
0.00
0.00
0.00
0.00
0.00
0.00
0.00
0.00
0.00
0.00
0.00
0.00
0.00
0.00
0.00
0.00
0.00
0.00
0.00
0.00
0.00
0.00
0.00
0.00
0.00
0.00
0.00
0.00
0.00
0.00
0.00
0.00
0.00
0.00
0.00
0.00
0.00
0.00
0.00
0.00
0.00
0.00
0.00
0.00
0.00
0.00
0.00
0.00
0.00
0.00
0.00
0.00
0.00
0.00
0.00
0.00
0.00
0.00
0.00
0.00
0.00
0.00
0.00
0.00
0.00
0.00
0.00
0.00
0.00
0.00
0.00
0.00
0.00
0.00
0.00
0.00
0.00
0.00
0.00
0.00
0.00
0.00
0.00
0.00
0.00
0.00
0.00
0.00
0.00
0.00
0.00
0.00
0.00
0.00
0.00
0.00
0.00
0.00
0.00
0.00
0.00
0.00
0.00
0.00
0.00
0.00
0.00
0.00
0.00
0.00
0.00
0.00
0.00
0.00
0.00
0.00
0.00
0.00
0.00
0.00
0.00
0.00
0.00
0.00
0.00
0.00
0.00
0.00
0.00
0.00
0.00
0.00
0.00
0.00
0.00
0.00
0.00
0.00
0.00
0.00
0.00
0.00
0.00
0.00
0.00
0.00
0.00
0.00
0.00
0.00
0.00
0.00
0.00
0.00
0.00
0.00
0.00
0.00
0.00
0.00
0.00
0.00
0.00
0.00
0.00
0.00
0.00
0.00
0.00
0.00
0.00
0.00
0.00
0.00
0.00
0.00
0.00
0.00
0.00
0.00
0.00
0.00
0.00
0.00
0.00
0.00
0.00
0.00
0.00
0.00
0.00
0.00
0.00
0.00
0.00
0.00
0.00
0.00
0.00
0.00
0.00
0.00
0.00
0.00
0.00
0.00
0.00
0.00
0.00
0.00
0.00
0.00
0.00
0.00
0.00
0.00
0.00
0.00
0.00
0.00
0.00
0.00
0.00
0.00
0.00
0.00
0.00
0.00
0.00
0.00
0.00
0.00
0.00
0.00
0.00
0.00
0.00
0.00
0.00
0.00
0.00
0.00
0.00
0.00
0.00
0.00
0.00
0.00
0.00
0.00
0.00
0.00
0.00
0.00
0.00
0.00
0.00
0.00
0.00
0.00
0.00
0.00
0.00
0.00
0.00
0.00
0.00
0.00
0.00
0.00
0.00
0.00
0.00
0.00
0.00
0.00
0.00
0.00
0.00
0.00
0.00
0.00
0.00
0.00
0.00
0.00
0.00
0.00
0.00
0.00
0.00
0.00
0.00
0.00
0.00
0.00
0.00
0.00
0.00
0.00
0.00
0.00
0.00
0.00
0.00
0.00
0.00
0.00
0.00
0.00
0.00
0.00
0.00
0.00
0.00
0.00
0.00
0.00
0.00
0.00
0.00
0.00
0.00
0.00
0.00
0.00
0.00
0.00
0.00
0.00
0.00
0.00
0.00
0.00
0.00
0.00
0.00
0.00
0.00
0.00
0.00
0.00
0.00
0.00
0.00
0.00
0.00
0.00
0.00
0.00
0.00
0.00
0.00
0.00
0.00
0.00
0.00
0.00
0.00
0.00
0.00
0.00
0.00
0.00
0.00
0.00
0.00
0.00
0.00
0.00
0.00
0.00
0.00
0.00
0.00
0.00
0.00
0.00
0.00
0.00
0.00
0.00
0.00
0.00
0.00
0.00
0.00
0.00
0.00
0.00
0.00
0.00
0.00
0.00
0.00
0.00
0.00
0.00
0.00
0.00
0.00
0.00
0.00
0.00
0.00
0.00
0.00
0.00
0.00
0.00
0.00
0.00
0.00
0.00
0.00
0.00
0.00
0.00
0.00
0.00
0.00
0.00
0.00
0.00
0.00
0.00
0.00
0.00
0.00
0.00
0.00
0.00
0.00
0.00
0.00
0.00
0.00
0.00
0.00
0.00
0.00
0.00
0.00
0.00
0.00
0.00
0.00
0.00
0.00
0.00
0.00
0.00
0.00
0.00
0.00
0.00
0.00
0.00
0.00
0.00
0.00
0.00
0.00
0.00
0.00
0.00
0.00
0.00
0.00
0.00
0.00
0.00
0.00
0.00
0.00
0.00
0.00
0.00
0.00
0.00
0.00
0.00
0.00
0.00
0.00
0.00
0.00
0.00
0.00
0.00
0.00
0.00
0.00
0.00
0.00
0.15
0.30
0.45
0.60
0.75
0.90
1.05
1.20
1.35
1.50
1.65
1.80
1.95
2.10
2.25
2.40
2.55
2.70
2.85
3.00
3.15
3.30
3.45
3.60
3.75
3.90
4.05
4.20
4.35
4.50
4.65
4.80
4.95
5.10
5.25
5.40
5.55
5.70
5.85
6.00
6.15
6.30
6.45
6.60
6.75
6.90
7.05
7.20
7.35
7.50
7.65
7.80
7.95
8.10
8.25
8.40
8.55
8.70
8.85
9.00
12.83
16.67
20.50
24.33
28.17
32.00
35.83
39.67
43.50
47.33
51.17
55.00
58.83
62.67
66.50
70.33
74.17
78.00
81.83
85.67
89.50
93.33
97.17
101.00
104.83
108.67
112.50
116.33
120.17
124.00
127.83
131.67
135.50
139.33
143.17
147.00
150.83
154.67
158.50
162.33
166.17
170.00
173.83
177.67
181.50
185.33
189.17
193.00
196.83
200.67
204.50
208.33
212.17
216.00
219.83
223.67
227.50
231.33
235.17
239.00
242.05
245.10
248.15
251.20
254.25
257.30
260.35
263.40
266.45
269.50
272.55
275.60
278.65
281.70
284.75
287.80
290.85
293.90
296.95
300.00
303.05
306.10
309.15
312.20
315.25
318.30
321.35
324.40
327.45
330.50
333.55
336.60
339.65
342.70
345.75
348.80
351.85
354.90
357.95
361.00
364.05
367.10
370.15
373.20
376.25
379.30
382.35
385.40
388.45
391.50
394.55
397.60
400.65
403.70
406.75
409.80
412.85
415.90
418.95
422.00
426.77
431.53
436.30
441.07
445.83
450.60
455.37
460.13
464.90
469.67
474.43
479.20
483.97
488.73
493.50
498.27
503.03
507.80
512.57
517.33
522.10
526.87
531.63
536.40
541.17
545.93
550.70
555.47
560.23
565.00
569.77
574.53
579.30
584.07
588.83
593.60
598.37
603.13
607.90
612.67
617.43
622.20
626.97
631.73
636.50
641.27
646.03
650.80
655.57
660.33
665.10
669.87
674.63
679.40
684.17
688.93
693.70
698.47
703.23
708.00
705.65
703.30
700.95
698.60
696.25
693.90
691.55
689.20
686.85
684.50
682.15
679.80
677.45
675.10
672.75
670.40
668.05
665.70
663.35
661.00
658.65
656.30
653.95
651.60
649.25
646.90
644.55
642.20
639.85
637.50
635.15
632.80
630.45
628.10
625.75
623.40
621.05
618.70
616.35
614.00
611.65
609.30
606.95
604.60
602.25
599.90
597.55
595.20
592.85
590.50
588.15
585.80
583.45
581.10
578.75
576.40
574.05
571.70
569.35
567.00
561.32
555.63
549.95
544.27
538.58
532.90
527.22
521.53
515.85
510.17
504.48
498.80
493.12
487.43
481.75
476.07
470.38
464.70
459.02
453.33
447.65
441.97
436.28
430.60
424.92
419.23
413.55
407.87
402.18
396.50
390.82
385.13
379.45
373.77
368.08
362.40
356.72
351.03
345.35
339.67
333.98
328.30
322.62
316.93
311.25
305.57
299.88
294.20
288.52
282.83
277.15
271.47
265.78
260.10
254.42
248.73
243.05
237.37
231.68
226.00
227.42
228.83
230.25
231.67
233.08
234.50
235.92
237.33
238.75
240.17
241.58
243.00
244.42
245.83
247.25
248.67
250.08
251.50
252.92
254.33
255.75
257.17
258.58
260.00
261.42
262.83
264.25
265.67
267.08
268.50
269.92
271.33
272.75
274.17
275.58
277.00
278.42
279.83
281.25
282.67
284.08
285.50
286.92
288.33
289.75
291.17
292.58
294.00
295.42
296.83
298.25
299.67
301.08
302.50
303.92
305.33
306.75
308.17
309.58
311.00
309.83
308.67
307.50
306.33
305.17
304.00
302.83
301.67
300.50
299.33
298.17
297.00
295.83
294.67
293.50
292.33
291.17
290.00
288.83
287.67
286.50
285.33
284.17
283.00
281.83
280.67
279.50
278.33
277.17
276.00
274.83
273.67
272.50
271.33
270.17
269.00
267.83
266.67
265.50
264.33
263.17
262.00
260.83
259.67
258.50
257.33
256.17
255.00
253.83
252.67
251.50
250.33
249.17
248.00
246.83
245.67
244.50
243.33
242.17
241.00
237.10
233.20
229.30
225.40
221.50
217.60
213.70
209.80
205.90
202.00
198.10
194.20
190.30
186.40
182.50
178.60
174.70
170.80
166.90
163.00
159.10
155.20
151.30
147.40
143.50
139.60
135.70
131.80
127.90
124.00
120.10
116.20
112.30
108.40
104.50
100.60
96.70
92.80
88.90
85.00
81.10
77.20
73.30
69.40
65.50
61.60
57.70
53.80
49.90
46.00
42.10
38.20
34.30
30.40
26.50
22.60
18.70
14.80
10.90
7.00
6.88
6.77
6.65
6.53
6.42
6.30
6.18
6.07
5.95
5.83
5.72
5.60
5.48
5.37
5.25
5.13
5.02
4.90
4.78
4.67
4.55
4.43
4.32
4.20
4.08
3.97
3.85
3.73
3.62
3.50
3.38
3.27
3.15
3.03
2.92
2.80
2.68
2.57
2.45
2.33
2.22
2.10
1.98
1.87
1.75
1.63
1.52
1.40
1.28
1.17
1.05
0.93
0.82
0.70
0.58
0.47
0.35
0.23
0.12
0.00
0.00
0.00
0.00
0.00
0.00
0.00
0.00
0.00
0.00
0.00
0.00
0.00
0.00
0.00
0.00
0.00
0.00
0.00
0.00
0.00
0.00
0.00
0.00
0.00
0.00
0.00
0.00
0.00
0.00
0.00
0.00
0.00
0.00
0.00
0.00
0.00
0.00
0.00
0.00
0.00
0.00
0.00
0.00
0.00
0.00
0.00
0.00
0.00
0.00
0.00
0.00
0.00
0.00
0.00
0.00
0.00
0.00
0.00
0.00
0.00
0.00
0.00
0.00
0.00
0.00
0.00
0.00
0.00
0.00
0.00
0.00
0.00
0.00
0.00
0.00
0.00
0.00
0.00
0.00
0.00
0.00
0.00
0.00
0.00
0.00
0.00
0.00
0.00
0.00
0.00
0.00
0.00
0.00
0.00
0.00
0.00
0.00
0.00
0.00
0.00
0.00
0.00
0.00
0.00
0.00
0.00
0.00
0.00
0.00
0.00
0.00
0.00
0.00
0.00
0.00
0.00
0.00
0.00
0.00
0.00
0.00
0.00
0.00
0.00
0.00
0.00
0.00
0.00
0.00
0.00
0.00
0.00
0.00
0.00
0.00
0.00
0.00
0.00
0.00
0.00
0.00
0.00
0.00
0.00
0.00
0.00
0.00
0.00
0.00
0.00
0.00
0.00
0.00
0.00
0.00
0.00
0.00
0.00
0.00
0.00
0.00
0.00
0.00
0.00
0.00
0.00
0.00
0.00
0.00
0.00
0.00
0.00
0.00
0.00
0.00
0.00
0.00
0.00
0.00
0.00
0.00
0.00
0.00
0.00
0.00
0.00
0.00
0.00
0.00
0.00
0.00
0.00
0.00
0.00
0.00
0.00
0.00
0.00
0.00
0.00
0.00
0.00
0.00
0.00
0.00
0.00
0.00
0.00
0.00
0.00
0.00
0.00
0.00
0.00
0.00
0.00
0.00
0.00
0.00
0.00
0.00
0.00
0.00
0.00
0.00
0.00
0.00
0.00
0.00
0.00
0.00
0.00
0.00
0.00
0.00
0.00
0.00
0.00
0.00
0.00
0.00
0.00
0.00
0.00
0.00
0.00
0.00
0.00
0.00
0.00
0.00
0.00
0.00
0.00
0.00
0.00
0.00
0.00
0.00
0.00
0.00
0.00
0.00
0.00
0.00
0.00
0.00
0.00
0.00
0.00
0.00
0.00
0.00
0.00
0.00
0.00
0.00
0.00
0.00
0.00
0.00
0.00
0.00
0.00
0.00
0.00
0.00
0.00
0.00
0.00
0.00
0.00
0.00
0.00
0.00
0.00
0.00
0.00
0.00
0.00
0.00
0.00
0.00
0.00
0.00
0.00
0.00
0.00
0.00
0.00
0.00
0.00
0.00
0.00
0.00
0.00
0.00
0.00
0.00
0.00
0.00
0.00
0.00
0.00
0.00
0.00
0.00
0.00
0.00
0.00
0.00
0.00
0.00
0.00
0.00
0.00
0.00
0.00
0.00
0.00
0.00
0.00
0.00
0.00
0.00
0.00
0.00
0.00
0.00
0.00
0.00
0.00
0.00
0.00
0.00
0.00
0.00
0.00
0.00
0.00
0.00
0.00
0.00
0.00
0.00
0.00
0.00
0.00
0.00
0.00
0.00
0.00
0.00
0.00
0.00
0.00
0.00
0.00
0.00
0.00
0.00
0.00
0.00
0.00
0.00
0.00
0.00
0.00
0.00
0.00
0.00
0.00
0.00
0.00
0.00
0.00
0.00
0.00
0.00
0.00
0.00
0.00
0.00
0.00
0.00
0.00
0.00
0.00
0.00
0.00
0.00
0.00
0.00
0.00
0.00
0.00
0.00
0.00
0.00
0.00
0.00
0.00
0.00
0.00
0.00
0.00
0.00
0.00
0.00
0.00
0.00
0.00
0.00
0.00
0.00
0.00
0.00
0.00
0.00
0.00
0.00
0.00
0.00
0.00
0.00
0.00
0.00
0.00
0.00
0.00
0.00
0.00
0.00
0.00
0.00
0.00
0.00
0.00
0.00
0.00
0.00
0.00
0.00
0.00
0.00
0.00
0.00
0.00
0.00
0.00
0.00
0.00
0.00
0.00
0.00
0.00
0.00
0.00
0.00
0.00
0.00
0.00
0.00
0.00
0.00
0.00
0.00
0.00
0.00
0.00
0.00
0.00
0.00
0.00
0.00
0.00
0.00
0.00
0.00
0.00
0.00
0.00
0.00
0.00
0.00
0.00
0.00
0.00
0.00
0.00
0.00
0.00
0.00
0.00
0.00
0.00
0.00
0.00
0.00
0.00
0.00
0.00
0.00
0.00
0.00
0.00
0.00
0.00
0.00
0.00
0.00
0.00
0.00
0.00
0.00
0.00
0.00
0.00
0.00
0.00
0.00
0.00
0.00
0.00
0.00
0.00
0.00
0.00
0.00
0.00
0.00
0.00
0.00
0.00
0.00
0.00
0.00
0.00
0.00
0.00
0.00
0.00
0.00
0.00
0.00
0.00
0.00
0.00
0.00
0.00
0.00
0.00
0.00
0.00
0.00
0.00
0.00
0.00
0.00
0.00
0.00
0.00
0.00
0.00
0.00
0.00
0.00
0.00
0.00
0.00
0.00
0.00
0.00
0.00
0.00
0.00
0.00
0.00
0.00
0.00
0.00
0.00
0.00
0.00
0.00
0.00
0.00
0.00
0.00
0.00
0.00
0.00
0.00
0.00
0.00
0.00
0.00
0.00
0.00
0.00
0.00
0.00
0.00
0.00
0.00
0.00
0.00
0.00
0.00
0.00
0.00
0.00
0.00
0.00
0.00
0.00
0.00
0.00
0.00
0.00
0.00
0.00
0.00
0.00
0.00
0.00
0.00
0.00
0.00
0.00
0.00
0.00
0.00
0.00
0.00
0.00
0.00
0.00
0.00
0.00
0.00
0.00
0.00
0.00
0.00
0.00
0.00
0.00
0.00
0.00
0.00
0.00
0.00
0.00
0.00
0.00
0.00
0.00
0.00
0.00
0.00
0.00
0.00
0.00
0.00
0.00
0.00
0.00
0.00
0.00
0.00
0.00
0.00
0.00
0.00
0.00
0.00
0.00
0.00
0.00
0.00
0.00
0.00
0.00
0.00
0.00
0.00
0.00
0.00
0.00
0.00
0.00
0.00
0.00
0.00
0.00
0.00
0.00
0.00
0.00
0.00
0.00
0.00
0.00
0.00
0.00
0.00
0.00
0.00
0.00
0.00
0.00
0.00
0.00
0.00
0.00
0.00
0.00
0.00
0.00
0.00
0.00
0.00
0.00
0.00
0.00
0.00
0.00
0.00
0.00
0.00
0.00
0.00
0.00
0.00
0.00
0.00
0.00
0.00
0.00
0.00
0.00
0.00
0.00
0.00
0.00
0.00
0.00
0.00
0.00
0.00
0.00
0.00
0.00
0.00
0.00
0.00
0.00
0.00
0.00
0.00
0.00
0.00
0.00
0.00
0.00
0.00
0.00
0.00
0.00
0.00
0.00
0.00
0.00
0.00
0.00
0.00
0.00
0.00
0.00
0.00
0.00
0.00
0.00
0.00
0.00
0.00
0.00
0.00
0.00
0.00
0.00
0.00
0.00
0.00
0.00
0.00
0.00
0.00
0.00
0.00
0.00
0.00
0.00
0.00
0.00
0.00
0.00
0.00
0.00
0.00
0.00
0.00
0.00
0.00
0.00
0.00
0.00
0.00
0.00
0.03
0.07
0.10
0.13
0.17
0.20
0.23
0.27
0.30
0.33
0.37
0.40
0.43
0.47
0.50
0.53
0.57
0.60
0.63
0.67
0.70
0.73
0.77
0.80
0.83
0.87
0.90
0.93
0.97
1.00
1.03
1.07
1.10
1.13
1.17
1.20
1.23
1.27
1.30
1.33
1.37
1.40
1.43
1.47
1.50
1.53
1.57
1.60
1.63
1.67
1.70
1.73
1.77
1.80
1.83
1.87
1.90
1.93
1.97
2.00
5.50
9.00
12.50
16.00
19.50
23.00
26.50
30.00
33.50
37.00
40.50
44.00
47.50
51.00
54.50
58.00
61.50
65.00
68.50
72.00
75.50
79.00
82.50
86.00
89.50
93.00
96.50
100.00
103.50
107.00
110.50
114.00
117.50
121.00
124.50
128.00
131.50
135.00
138.50
142.00
145.50
149.00
152.50
156.00
159.50
163.00
166.50
170.00
173.50
177.00
180.50
184.00
187.50
191.00
194.50
198.00
201.50
205.00
208.50
212.00
215.38
218.77
222.15
225.53
228.92
232.30
235.68
239.07
242.45
245.83
249.22
252.60
255.98
259.37
262.75
266.13
269.52
272.90
276.28
279.67
283.05
286.43
289.82
293.20
296.58
299.97
303.35
306.73
310.12
313.50
316.88
320.27
323.65
327.03
330.42
333.80
337.18
340.57
343.95
347.33
350.72
354.10
357.48
360.87
364.25
367.63
371.02
374.40
377.78
381.17
384.55
387.93
391.32
394.70
398.08
401.47
404.85
408.23
411.62
415.00
417.37
419.73
422.10
424.47
426.83
429.20
431.57
433.93
436.30
438.67
441.03
443.40
445.77
448.13
450.50
452.87
455.23
457.60
459.97
462.33
464.70
467.07
469.43
471.80
474.17
476.53
478.90
481.27
483.63
486.00
488.37
490.73
493.10
495.47
497.83
500.20
502.57
504.93
507.30
509.67
512.03
514.40
516.77
519.13
521.50
523.87
526.23
528.60
530.97
533.33
535.70
538.07
540.43
542.80
545.17
547.53
549.90
552.27
554.63
557.00
557.18
557.37
557.55
557.73
557.92
558.10
558.28
558.47
558.65
558.83
559.02
559.20
559.38
559.57
559.75
559.93
560.12
560.30
560.48
560.67
560.85
561.03
561.22
561.40
561.58
561.77
561.95
562.13
562.32
562.50
562.68
562.87
563.05
563.23
563.42
563.60
563.78
563.97
564.15
564.33
564.52
564.70
564.88
565.07
565.25
565.43
565.62
565.80
565.98
566.17
566.35
566.53
566.72
566.90
567.08
567.27
567.45
567.63
567.82
568.00
567.02
566.03
565.05
564.07
563.08
562.10
561.12
560.13
559.15
558.17
557.18
556.20
555.22
554.23
553.25
552.27
551.28
550.30
549.32
548.33
547.35
546.37
545.38
544.40
543.42
542.43
541.45
540.47
539.48
538.50
537.52
536.53
535.55
534.57
533.58
532.60
531.62
530.63
529.65
528.67
527.68
526.70
525.72
524.73
523.75
522.77
521.78
520.80
519.82
518.83
517.85
516.87
515.88
514.90
513.92
512.93
511.95
510.97
509.98
509.00
507.02
505.03
503.05
501.07
499.08
497.10
495.12
493.13
491.15
489.17
487.18
485.20
483.22
481.23
479.25
477.27
475.28
473.30
471.32
469.33
467.35
465.37
463.38
461.40
459.42
457.43
455.45
453.47
451.48
449.50
447.52
445.53
443.55
441.57
439.58
437.60
435.62
433.63
431.65
429.67
427.68
425.70
423.72
421.73
419.75
417.77
415.78
413.80
411.82
409.83
407.85
405.87
403.88
401.90
399.92
397.93
395.95
393.97
391.98
390.00
386.53
383.07
379.60
376.13
372.67
369.20
365.73
362.27
358.80
355.33
351.87
348.40
344.93
341.47
338.00
334.53
331.07
327.60
324.13
320.67
317.20
313.73
310.27
306.80
303.33
299.87
296.40
292.93
289.47
286.00
282.53
279.07
275.60
272.13
268.67
265.20
261.73
258.27
254.80
251.33
247.87
244.40
240.93
237.47
234.00
230.53
227.07
223.60
220.13
216.67
213.20
209.73
206.27
202.80
199.33
195.87
192.40
188.93
185.47
182.00
179.00
176.00
173.00
170.00
167.00
164.00
161.00
158.00
155.00
152.00
149.00
146.00
143.00
140.00
137.00
134.00
131.00
128.00
125.00
122.00
119.00
116.00
113.00
110.00
107.00
104.00
101.00
98.00
95.00
92.00
89.00
86.00
83.00
80.00
77.00
74.00
71.00
68.00
65.00
62.00
59.00
56.00
53.00
50.00
47.00
44.00
41.00
38.00
35.00
32.00
29.00
26.00
23.00
20.00
17.00
14.00
11.00
8.00
5.00
2.00
1.97
1.93
1.90
1.87
1.83
1.80
1.77
1.73
1.70
1.67
1.63
1.60
1.57
1.53
1.50
1.47
1.43
1.40
1.37
1.33
1.30
1.27
1.23
1.20
1.17
1.13
1.10
1.07
1.03
1.00
0.97
0.93
0.90
0.87
0.83
0.80
0.77
0.73
0.70
0.67
0.63
0.60
0.57
0.53
0.50
0.47
0.43
0.40
0.37
0.33
0.30
0.27
0.23
0.20
0.17
0.13
0.10
0.07
0.03
0.00
0.00
0.00
0.00
0.00
0.00
0.00
0.00
0.00
0.00
0.00
0.00
0.00
0.00
0.00
0.00
0.00
0.00
0.00
0.00
0.00
0.00
0.00
0.00
0.00
0.00
0.00
0.00
0.00
0.00
0.00
0.00
0.00
0.00
0.00
0.00
0.00
0.00
0.00
0.00
0.00
0.00
0.00
0.00
0.00
0.00
0.00
0.00
0.00
0.00
0.00
0.00
0.00
0.00
0.00
0.00
0.00
0.00
0.00
0.00
0.00
0.00
0.00
0.00
0.00
0.00
0.00
0.00
0.00
0.00
0.00
0.00
0.00
0.00
0.00
0.00
0.00
0.00
0.00
0.00
0.00
0.00
0.00
0.00
0.00
0.00
0.00
0.00
0.00
0.00
0.00
0.00
0.00
0.00
0.00
0.00
0.00
0.00
0.00
0.00
0.00
0.00
0.00
0.00
0.00
0.00
0.00
0.00
0.00
0.00
0.00
0.00
0.00
0.00
0.00
0.00
0.00
0.00
0.00
0.00
0.00
0.00
0.00
0.00
0.00
0.00
0.00
0.00
0.00
0.00
0.00
0.00
0.00
0.00
0.00
0.00
0.00
0.00
0.00
0.00
0.00
0.00
0.00
0.00
0.00
0.00
0.00
0.00
0.00
0.00
0.00
0.00
0.00
0.00
0.00
0.00
0.00
0.00
0.00
0.00
0.00
0.00
0.00
0.00
0.00
0.00
0.00
0.00
0.00
0.00
0.00
0.00
0.00
0.00
0.00
0.00
0.00
0.00
0.00
0.00
0.00
0.00
0.00
0.00
0.00
0.00
0.00
0.00
0.00
0.00
0.00
0.00
0.00
0.00
0.00
0.00
0.00
0.00
0.00
0.00
0.00
0.00
0.00
0.00
0.00
0.00
0.00
0.00
0.00
0.00
0.00
0.00
0.00
0.00
0.00
0.00
0.00
0.00
0.00
0.00
0.00
0.00
0.00
0.00
0.00
0.00
0.00
0.00
0.00
0.00
0.00
0.00
0.00
0.00
0.00
0.00
0.00
0.00
0.00
0.00
0.00
0.00
0.00
0.00
0.00
0.00
0.00
0.00
0.00
0.00
0.00
0.00
0.00
0.00
0.00
0.00
0.00
0.00
0.00
0.00
0.00
0.00
0.00
0.00
0.00
0.00
0.00
0.00
0.00
0.00
0.00
0.00
0.00
0.00
0.00
0.00
0.00
0.00
0.00
0.00
0.00
0.00
0.00
0.00
0.00
0.00
0.00
0.00
0.00
0.00
0.00
0.00
0.00
0.00
0.00
0.00
0.00
0.00
0.00
0.00
0.00
0.00
0.00
0.00
0.00
0.00
0.00
0.00
0.00
0.00
0.00
0.00
0.00
0.00
0.00
0.00
0.00
0.00
0.00
0.00
0.00
0.00
0.00
0.00
0.00
0.00
0.00
0.00
0.00
0.00
0.00
0.00
0.00
0.00
0.00
0.00
0.00
0.00
0.00
0.00
0.00
0.00
0.00
0.00
0.00
0.00
0.00
0.00
0.00
0.00
0.00
0.00
0.00
0.00
0.00
0.00
0.00
0.00
0.00
0.00
0.00
0.00
0.00
0.00
0.00
0.00
0.00
0.00
0.00
0.00
0.00
0.00
0.00
0.00
0.00
0.00
0.00
0.00
0.00
0.00
0.00
0.00
0.00
0.00
0.00
0.00
0.00
0.00
0.00
0.00
0.00
0.00
0.00
0.00
0.00
0.00
0.00
0.00
0.00
0.00
0.00
0.00
0.00
0.00
0.00
0.00
0.00
0.00
0.00
0.00
0.00
0.00
0.00
0.00
0.00
0.00
0.00
0.00
0.00
0.00
0.00
0.00
0.00
0.00
0.00
0.00
0.00
0.00
0.00
0.00
0.00
0.00
0.00
0.00
0.00
0.00
0.00
0.00
0.00
0.00
0.00
0.00
0.00
0.00
0.00
0.00
0.00
0.00
0.00
0.00
0.00
0.00
0.00
0.00
0.00
0.00
0.00
0.00
0.00
0.00
0.00
0.00
0.00
0.00
0.00
0.00
0.00
0.00
0.00
0.00
0.00
0.00
0.00
0.00
0.00
0.00
0.00
0.00
0.00
0.00
0.00
0.00
0.00
0.00
0.00
0.00
0.00
0.00
0.00
0.00
0.00
0.00
0.00
0.00
0.00
0.00
0.00
0.00
0.00
0.00
0.00
0.00
0.00
0.00
0.00
0.00
0.00
0.00
0.00
0.00
0.00
0.00
0.00
0.00
0.00
0.00
0.00
0.00
0.00
0.00
0.00
0.00
0.00
0.00
0.00
0.00
0.00
0.00
0.00
0.00
0.00
0.00
0.00
0.00
0.00
0.00
0.00
0.00
0.00
0.00
0.00
0.00
0.00
0.00
0.00
0.00
0.00
0.00
0.00
0.00
0.00
0.00
0.00
0.00
0.00
0.00
0.00
0.00
0.00
0.00
0.00
0.00
0.00
0.00
0.00
0.00
0.00
0.00
0.00
0.00
0.00
0.00
0.00
0.00
0.00
0.00
0.00
0.00
0.00
0.00
0.00
0.00
0.00
0.00
0.00
0.00
0.00
0.00
0.00
0.00
0.00
0.00
0.00
0.00
0.00
0.00
0.00
0.00
0.00
0.00
0.00
0.00
0.00
0.00
0.00
0.00
0.00
0.00
0.00
0.00
0.00
0.00
0.00
0.00
0.00
0.00
0.00
0.00
0.00
0.00
0.00
0.00
0.00
0.00
0.00
0.00
0.00
0.00
0.00
0.00
0.00
0.00
0.00
0.00
0.00
0.00
0.00
0.00
0.00
0.00
0.00
0.00
0.00
0.00
0.00
0.00
0.00
0.00
0.00
0.00
0.00
0.00
0.00
0.00
0.00
0.00
0.00
0.00
0.00
0.00
0.00
0.00
0.00
0.00
0.00
0.00
0.00
0.00
0.00
0.00
0.00
0.00
0.00
0.00
0.00
0.00
0.00
0.00
0.00
0.00
0.00
0.00
0.00
0.00
0.00
0.00
0.00
0.00
0.00
0.00
0.00
0.00
0.00
0.00
0.00
0.00
0.00
0.00
0.00
0.00
0.00
0.00
0.00
0.00
0.00
0.00
0.00
0.00
0.00
0.00
0.00
0.00
0.00
0.00
0.00
0.00
0.00
0.00
0.00
0.00
0.00
0.00
0.00
0.00
0.00
0.00
0.00
0.00
0.00
0.00
0.00
0.00
0.00
0.00
0.00
0.00
0.00
0.00
0.00
0.00
0.00
0.00
0.00
0.00
0.00
0.00
0.00
0.00
0.00
0.00
0.00
0.00
0.00
0.00
0.00
0.00
0.00
0.00
0.00
0.00
0.00
0.00
0.00
0.00
0.00
0.00
0.00
0.00
0.00
0.00
0.00
0.00
0.00
0.00
0.00
0.00
0.00
0.00
0.00
0.00
0.00
0.00
0.00
0.00
0.00
0.00
0.00
0.00
0.00
0.00
0.00
0.00
0.00
0.00
0.00
0.00
0.00
0.00
0.00
0.00
0.00
0.00
0.00
0.00
0.00
0.00
0.00
0.00
0.00
0.00
0.00
0.00
0.00
0.00
0.00
0.00
0.00
0.00
0.00
0.00
0.00
0.00
0.00
0.00
0.00
0.00
0.00
0.00
0.00
0.00
0.00
0.00
0.00
0.00
0.00
0.00
0.00
0.00
0.00
0.00
0.00
0.02
0.03
0.05
0.07
0.08
0.10
0.12
0.13
0.15
0.17
0.18
0.20
0.22
0.23
0.25
0.27
0.28
0.30
0.32
0.33
0.35
0.37
0.38
0.40
0.42
0.43
0.45
0.47
0.48
0.50
0.52
0.53
0.55
0.57
0.58
0.60
0.62
0.63
0.65
0.67
0.68
0.70
0.72
0.73
0.75
0.77
0.78
0.80
0.82
0.83
0.85
0.87
0.88
0.90
0.92
0.93
0.95
0.97
0.98
1.00
1.70
2.40
3.10
3.80
4.50
5.20
5.90
6.60
7.30
8.00
8.70
9.40
10.10
10.80
11.50
12.20
12.90
13.60
14.30
15.00
15.70
16.40
17.10
17.80
18.50
19.20
19.90
20.60
21.30
22.00
22.70
23.40
24.10
24.80
25.50
26.20
26.90
27.60
28.30
29.00
29.70
30.40
31.10
31.80
32.50
33.20
33.90
34.60
35.30
36.00
36.70
37.40
38.10
38.80
39.50
40.20
40.90
41.60
42.30
43.00
44.02
45.03
46.05
47.07
48.08
49.10
50.12
51.13
52.15
53.17
54.18
55.20
56.22
57.23
58.25
59.27
60.28
61.30
62.32
63.33
64.35
65.37
66.38
67.40
68.42
69.43
70.45
71.47
72.48
73.50
74.52
75.53
76.55
77.57
78.58
79.60
80.62
81.63
82.65
83.67
84.68
85.70
86.72
87.73
88.75
89.77
90.78
91.80
92.82
93.83
94.85
95.87
96.88
97.90
98.92
99.93
100.95
101.97
102.98
104.00
104.25
104.50
104.75
105.00
105.25
105.50
105.75
106.00
106.25
106.50
106.75
107.00
107.25
107.50
107.75
108.00
108.25
108.50
108.75
109.00
109.25
109.50
109.75
110.00
110.25
110.50
110.75
111.00
111.25
111.50
111.75
112.00
112.25
112.50
112.75
113.00
113.25
113.50
113.75
114.00
114.25
114.50
114.75
115.00
115.25
115.50
115.75
116.00
116.25
116.50
116.75
117.00
117.25
117.50
117.75
118.00
118.25
118.50
118.75
119.00
119.32
119.63
119.95
120.27
120.58
120.90
121.22
121.53
121.85
122.17
122.48
122.80
123.12
123.43
123.75
124.07
124.38
124.70
125.02
125.33
125.65
125.97
126.28
126.60
126.92
127.23
127.55
127.87
128.18
128.50
128.82
129.13
129.45
129.77
130.08
130.40
130.72
131.03
131.35
131.67
131.98
132.30
132.62
132.93
133.25
133.57
133.88
134.20
134.52
134.83
135.15
135.47
135.78
136.10
136.42
136.73
137.05
137.37
137.68
138.00
137.95
137.90
137.85
137.80
137.75
137.70
137.65
137.60
137.55
137.50
137.45
137.40
137.35
137.30
137.25
137.20
137.15
137.10
137.05
137.00
136.95
136.90
136.85
136.80
136.75
136.70
136.65
136.60
136.55
136.50
136.45
136.40
136.35
136.30
136.25
136.20
136.15
136.10
136.05
136.00
135.95
135.90
135.85
135.80
135.75
135.70
135.65
135.60
135.55
135.50
135.45
135.40
135.35
135.30
135.25
135.20
135.15
135.10
135.05
135.00
134.48
133.97
133.45
132.93
132.42
131.90
131.38
130.87
130.35
129.83
129.32
128.80
128.28
127.77
127.25
126.73
126.22
125.70
125.18
124.67
124.15
123.63
123.12
122.60
122.08
121.57
121.05
120.53
120.02
119.50
118.98
118.47
117.95
117.43
116.92
116.40
115.88
115.37
114.85
114.33
113.82
113.30
112.78
112.27
111.75
111.23
110.72
110.20
109.68
109.17
108.65
108.13
107.62
107.10
106.58
106.07
105.55
105.03
104.52
104.00
103.23
102.47
101.70
100.93
100.17
99.40
98.63
97.87
97.10
96.33
95.57
94.80
94.03
93.27
92.50
91.73
90.97
90.20
89.43
88.67
87.90
87.13
86.37
85.60
84.83
84.07
83.30
82.53
81.77
81.00
80.23
79.47
78.70
77.93
77.17
76.40
75.63
74.87
74.10
73.33
72.57
71.80
71.03
70.27
69.50
68.73
67.97
67.20
66.43
65.67
64.90
64.13
63.37
62.60
61.83
61.07
60.30
59.53
58.77
58.00
57.12
56.23
55.35
54.47
53.58
52.70
51.82
50.93
50.05
49.17
48.28
47.40
46.52
45.63
44.75
43.87
42.98
42.10
41.22
40.33
39.45
38.57
37.68
36.80
35.92
35.03
34.15
33.27
32.38
31.50
30.62
29.73
28.85
27.97
27.08
26.20
25.32
24.43
23.55
22.67
21.78
20.90
20.02
19.13
18.25
17.37
16.48
15.60
14.72
13.83
12.95
12.07
11.18
10.30
9.42
8.53
7.65
6.77
5.88
5.00
4.92
4.83
4.75
4.67
4.58
4.50
4.42
4.33
4.25
4.17
4.08
4.00
3.92
3.83
3.75
3.67
3.58
3.50
3.42
3.33
3.25
3.17
3.08
3.00
2.92
2.83
2.75
2.67
2.58
2.50
2.42
2.33
2.25
2.17
2.08
2.00
1.92
1.83
1.75
1.67
1.58
1.50
1.42
1.33
1.25
1.17
1.08
1.00
0.92
0.83
0.75
0.67
0.58
0.50
0.42
0.33
0.25
0.17
0.08
0.00
0.00
0.00
0.00
0.00
0.00
0.00
0.00
0.00
0.00
0.00
0.00
0.00
0.00
0.00
0.00
0.00
0.00
0.00
0.00
0.00
0.00
0.00
0.00
0.00
0.00
0.00
0.00
0.00
0.00
0.00
0.00
0.00
0.00
0.00
0.00
0.00
0.00
0.00
0.00
0.00
0.00
0.00
0.00
0.00
0.00
0.00
0.00
0.00
0.00
0.00
0.00
0.00
0.00
0.00
0.00
0.00
0.00
0.00
0.00
0.00
0.00
0.00
0.00
0.00
0.00
0.00
0.00
0.00
0.00
0.00
0.00
0.00
0.00
0.00
0.00
0.00
0.00
0.00
0.00
0.00
0.00
0.00
0.00
0.00
0.00
0.00
0.00
0.00
0.00
0.00
0.00
0.00
0.00
0.00
0.00
0.00
0.00
0.00
0.00
0.00
0.00
0.00
0.00
0.00
0.00
0.00
0.00
0.00
0.00
0.00
0.00
0.00
0.00
0.00
0.00
0.00
0.00
0.00
0.00
0.00
0.00
0.00
0.00
0.00
0.00
0.00
0.00
0.00
0.00
0.00
0.00
0.00
0.00
0.00
0.00
0.00
0.00
0.00
0.00
0.00
0.00
0.00
0.00
0.00
0.00
0.00
0.00
0.00
0.00
0.00
0.00
0.00
0.00
0.00
0.00
0.00
0.00
0.00
0.00
0.00
0.00
0.00
0.00
0.00
0.00
0.00
0.00
0.00
0.00
0.00
0.00
0.00
0.00
0.00
0.00
0.00
0.00
0.00
0.00
0.00
0.00
0.00
0.00
0.00
0.00
0.00
0.00
0.00
0.00
0.00
0.00
0.00
0.00
0.00
0.00
0.00
0.00
0.00
0.00
0.00
0.00
0.00
0.00
0.00
0.00
0.00
0.00
0.00
0.00
0.00
0.00
0.00
0.00
0.00
0.00
0.00
0.00
0.00
0.00
0.00
0.00
0.00
0.00
0.00
0.00
0.00
0.00
0.00
0.00
0.00
0.00
0.00
0.00
0.00
0.00
0.00
0.00
0.00
0.00
0.00
0.00
0.00
0.00
0.00
0.00
0.00
0.00
0.00
0.00
0.00
0.00
0.00
0.00
0.00
0.00
0.00
0.00
0.00
0.00
0.00
0.00
0.00
0.00
0.00
0.00
0.00
0.00
0.00
0.00
0.00
0.00
0.00
0.00
0.00
0.00
0.00
0.00
0.00
0.00
0.00
0.00
0.00
0.00
0.00
0.00
0.00
0.00
0.00
0.00
0.00
0.00
0.00
0.00
0.00
0.00
0.00
0.00
0.00
0.00
0.00
0.00
0.00
0.00
0.00
0.00
0.00
0.00
0.00
0.00
0.00
0.00
0.00
0.00
0.00
0.00
0.00
0.00
0.00
0.00
0.00
0.00
0.00
0.00
0.00
0.00
0.00
0.00
0.00
0.00
0.00
0.00
0.00
0.00
0.00
0.00
0.00
0.00
0.00
0.00
0.00
0.00
0.00
0.00
0.00
0.00
0.00
0.00
0.00
0.00
0.00
0.00
0.00
0.00
0.00
0.00
0.00
0.00
0.00
0.00
0.00
0.00
0.00
0.00
0.00
0.00
0.00
0.00
0.00
0.00
0.00
0.00
0.00
0.00
0.00
0.00
0.00
0.00
0.00
0.00
0.00
0.00
0.00
0.00
0.00
0.00
0.00
0.00
0.00
0.00
0.00
0.00
0.00
0.00
0.00
0.00
0.00
0.00
0.00
0.00
0.00
0.00
0.00
0.00
0.00
0.00
0.00
0.00
0.00
0.00
0.00
0.00
0.00
0.00
0.00
0.00
0.00
0.00
0.00
0.00
0.00
0.00
0.00
0.00
0.00
0.00
0.00
0.00
0.00
0.00
0.00
0.00
0.00
0.00
0.00
0.00
0.00
0.00
0.00
0.00
0.00
0.00
0.00
0.00
0.00
0.00
0.00
0.00
0.00
0.00
0.00
0.00
0.00
0.00
0.00
0.00
0.00
0.00
0.00
0.00
0.00
0.00
0.00
0.00
0.00
0.00
0.00
0.00
0.00
0.00
0.00
0.00
0.00
0.00
0.00
0.00
0.00
0.00
0.00
0.00
0.00
0.00
0.00
0.00
0.00
0.00
0.00
0.00
0.00
0.00
0.00
0.00
0.00
0.00
0.00
0.00
0.00
0.00
0.00
0.00
0.00
0.00
0.00
0.00
0.00
0.00
0.00
0.00
0.00
0.00
0.00
0.00
0.00
0.00
0.00
0.00
0.00
0.00
0.00
0.00
0.00
0.00
0.00
0.00
0.00
0.00
0.00
0.00
0.00
0.00
0.00
0.00
0.00
0.00
0.00
0.00
0.00
0.00
0.00
0.00
0.00
0.00
0.00
0.00
0.00
0.00
0.00
0.00
0.00
0.00
0.00
0.00
0.00
0.00
0.00
0.00
0.00
0.00
0.00
0.00
0.00
0.00
0.00
0.00
0.00
0.00
0.00
0.00
0.00
0.00
0.00
0.00
0.00
0.00
0.00
0.00
0.00
0.00
0.00
0.00
0.00
0.00
0.00
0.00
0.00
0.00
0.00
0.00
0.00
0.00
0.00
0.00
0.00
0.00
0.00
0.00
0.00
0.00
0.00
0.00
0.00
0.00
0.00
0.00
0.00
0.00
0.00
0.00
0.00
0.00
0.00
0.00
0.00
0.00
0.00
0.00
0.00
0.00
0.00
0.00
0.00
0.00
0.00
0.00
0.00
0.00
0.00
0.00
0.00
0.00
0.00
0.00
0.00
0.00
0.00
0.00
0.00
0.00
0.00
0.00
0.00
0.00
0.00
0.00
0.00
0.00
0.00
0.00
0.00
0.00
0.00
0.00
0.00
0.00
0.00
0.00
0.00
0.00
0.00
0.00
0.00
0.00
0.00
0.00
0.00
0.00
0.00
0.00
0.00
0.00
0.00
0.00
0.00
0.00
0.00
0.00
0.00
0.00
0.00
0.00
0.00
0.00
0.00
0.00
0.00
0.00
0.00
0.00
0.00
0.00
0.00
0.00
0.00
0.00
0.00
0.00
0.00
0.00
0.00
0.00
0.00
0.00
0.00
0.00
0.00
0.00
0.00
0.00
0.00
0.00
0.00
0.00
0.00
0.00
0.00
0.00
0.00
0.00
0.00
0.00
0.00
0.00
0.00
0.00
0.00
0.00
0.00
0.00
0.00
0.00
0.00
0.00
0.00
0.00
0.00
0.00
0.00
0.00
0.00
0.00
0.00
0.00
0.00
0.00
0.00
0.00
0.00
0.00
0.00
0.00
0.00
0.00
0.00
0.00
0.00
0.00
0.00
0.00
0.00
0.00
0.00
0.00
0.00
0.00
0.00
0.00
0.00
0.00
0.00
0.00
0.00
0.00
0.00
0.00
0.00
0.00
0.00
0.00
0.00
0.00
0.00
0.00
0.00
0.00
0.00
0.00
0.00
0.00
0.00
0.00
0.00
0.00
0.00
0.00
0.00
0.00
0.00
0.00
0.00
0.00
0.00
0.00
0.00
0.00
0.00
0.00
0.00
0.00
0.00
0.00
0.00
0.00
0.00
0.00
0.00
0.00
0.00
0.00
0.00
0.00
0.00
0.00
0.00
0.00
0.00
0.00
0.00
0.00
0.00
0.00
0.00
0.00
0.00
0.00
0.00
0.00
0.00
0.00
0.00
0.00
0.00
0.02
0.03
0.05
0.07
0.08
0.10
0.12
0.13
0.15
0.17
0.18
0.20
0.22
0.23
0.25
0.27
0.28
0.30
0.32
0.33
0.35
0.37
0.38
0.40
0.42
0.43
0.45
0.47
0.48
0.50
0.52
0.53
0.55
0.57
0.58
0.60
0.62
0.63
0.65
0.67
0.68
0.70
0.72
0.73
0.75
0.77
0.78
0.80
0.82
0.83
0.85
0.87
0.88
0.90
0.92
0.93
0.95
0.97
0.98
1.00
2.88
4.77
6.65
8.53
10.42
12.30
14.18
16.07
17.95
19.83
21.72
23.60
25.48
27.37
29.25
31.13
33.02
34.90
36.78
38.67
40.55
42.43
44.32
46.20
48.08
49.97
51.85
53.73
55.62
57.50
59.38
61.27
63.15
65.03
66.92
68.80
70.68
72.57
74.45
76.33
78.22
80.10
81.98
83.87
85.75
87.63
89.52
91.40
93.28
95.17
97.05
98.93
100.82
102.70
104.58
106.47
108.35
110.23
112.12
114.00
114.33
114.67
115.00
115.33
115.67
116.00
116.33
116.67
117.00
117.33
117.67
118.00
118.33
118.67
119.00
119.33
119.67
120.00
120.33
120.67
121.00
121.33
121.67
122.00
122.33
122.67
123.00
123.33
123.67
124.00
124.33
124.67
125.00
125.33
125.67
126.00
126.33
126.67
127.00
127.33
127.67
128.00
128.33
128.67
129.00
129.33
129.67
130.00
130.33
130.67
131.00
131.33
131.67
132.00
132.33
132.67
133.00
133.33
133.67
134.00
135.45
136.90
138.35
139.80
141.25
142.70
144.15
145.60
147.05
148.50
149.95
151.40
152.85
154.30
155.75
157.20
158.65
160.10
161.55
163.00
164.45
165.90
167.35
168.80
170.25
171.70
173.15
174.60
176.05
177.50
178.95
180.40
181.85
183.30
184.75
186.20
187.65
189.10
190.55
192.00
193.45
194.90
196.35
197.80
199.25
200.70
202.15
203.60
205.05
206.50
207.95
209.40
210.85
212.30
213.75
215.20
216.65
218.10
219.55
221.00
221.02
221.03
221.05
221.07
221.08
221.10
221.12
221.13
221.15
221.17
221.18
221.20
221.22
221.23
221.25
221.27
221.28
221.30
221.32
221.33
221.35
221.37
221.38
221.40
221.42
221.43
221.45
221.47
221.48
221.50
221.52
221.53
221.55
221.57
221.58
221.60
221.62
221.63
221.65
221.67
221.68
221.70
221.72
221.73
221.75
221.77
221.78
221.80
221.82
221.83
221.85
221.87
221.88
221.90
221.92
221.93
221.95
221.97
221.98
222.00
222.43
222.87
223.30
223.73
224.17
224.60
225.03
225.47
225.90
226.33
226.77
227.20
227.63
228.07
228.50
228.93
229.37
229.80
230.23
230.67
231.10
231.53
231.97
232.40
232.83
233.27
233.70
234.13
234.57
235.00
235.43
235.87
236.30
236.73
237.17
237.60
238.03
238.47
238.90
239.33
239.77
240.20
240.63
241.07
241.50
241.93
242.37
242.80
243.23
243.67
244.10
244.53
244.97
245.40
245.83
246.27
246.70
247.13
247.57
248.00
247.13
246.27
245.40
244.53
243.67
242.80
241.93
241.07
240.20
239.33
238.47
237.60
236.73
235.87
235.00
234.13
233.27
232.40
231.53
230.67
229.80
228.93
228.07
227.20
226.33
225.47
224.60
223.73
222.87
222.00
221.13
220.27
219.40
218.53
217.67
216.80
215.93
215.07
214.20
213.33
212.47
211.60
210.73
209.87
209.00
208.13
207.27
206.40
205.53
204.67
203.80
202.93
202.07
201.20
200.33
199.47
198.60
197.73
196.87
196.00
195.25
194.50
193.75
193.00
192.25
191.50
190.75
190.00
189.25
188.50
187.75
187.00
186.25
185.50
184.75
184.00
183.25
182.50
181.75
181.00
180.25
179.50
178.75
178.00
177.25
176.50
175.75
175.00
174.25
173.50
172.75
172.00
171.25
170.50
169.75
169.00
168.25
167.50
166.75
166.00
165.25
164.50
163.75
163.00
162.25
161.50
160.75
160.00
159.25
158.50
157.75
157.00
156.25
155.50
154.75
154.00
153.25
152.50
151.75
151.00
148.62
146.23
143.85
141.47
139.08
136.70
134.32
131.93
129.55
127.17
124.78
122.40
120.02
117.63
115.25
112.87
110.48
108.10
105.72
103.33
100.95
98.57
96.18
93.80
91.42
89.03
86.65
84.27
81.88
79.50
77.12
74.73
72.35
69.97
67.58
65.20
62.82
60.43
58.05
55.67
53.28
50.90
48.52
46.13
43.75
41.37
38.98
36.60
34.22
31.83
29.45
27.07
24.68
22.30
19.92
17.53
15.15
12.77
10.38
8.00
7.87
7.73
7.60
7.47
7.33
7.20
7.07
6.93
6.80
6.67
6.53
6.40
6.27
6.13
6.00
5.87
5.73
5.60
5.47
5.33
5.20
5.07
4.93
4.80
4.67
4.53
4.40
4.27
4.13
4.00
3.87
3.73
3.60
3.47
3.33
3.20
3.07
2.93
2.80
2.67
2.53
2.40
2.27
2.13
2.00
1.87
1.73
1.60
1.47
1.33
1.20
1.07
0.93
0.80
0.67
0.53
0.40
0.27
0.13
0.00
0.00
0.00
0.00
0.00
0.00
0.00
0.00
0.00
0.00
0.00
0.00
0.00
0.00
0.00
0.00
0.00
0.00
0.00
0.00
0.00
0.00
0.00
0.00
0.00
0.00
0.00
0.00
0.00
0.00
0.00
0.00
0.00
0.00
0.00
0.00
0.00
0.00
0.00
0.00
0.00
0.00
0.00
0.00
0.00
0.00
0.00
0.00
0.00
0.00
0.00
0.00
0.00
0.00
0.00
0.00
0.00
0.00
0.00
0.00
0.00
0.00
0.00
0.00
0.00
0.00
0.00
0.00
0.00
0.00
0.00
0.00
0.00
0.00
0.00
0.00
0.00
0.00
0.00
0.00
0.00
0.00
0.00
0.00
0.00
0.00
0.00
0.00
0.00
0.00
0.00
0.00
0.00
0.00
0.00
0.00
0.00
0.00
0.00
0.00
0.00
0.00
0.00
0.00
0.00
0.00
0.00
0.00
0.00
0.00
0.00
0.00
0.00
0.00
0.00
0.00
0.00
0.00
0.00
0.00
0.00
0.00
0.00
0.00
0.00
0.00
0.00
0.00
0.00
0.00
0.00
0.00
0.00
0.00
0.00
0.00
0.00
0.00
0.00
0.00
0.00
0.00
0.00
0.00
0.00
0.00
0.00
0.00
0.00
0.00
0.00
0.00
0.00
0.00
0.00
0.00
0.00
0.00
0.00
0.00
0.00
0.00
0.00
0.00
0.00
0.00
0.00
0.00
0.00
0.00
0.00
0.00
0.00
0.00
0.00
0.00
0.00
0.00
0.00
0.00
0.00
0.00
0.00
0.00
0.00
0.00
0.00
0.00
0.00
0.00
0.00
0.00
0.00
0.00
0.00
0.00
0.00
0.00
0.00
0.00
0.00
0.00
0.00
0.00
0.00
0.00
0.00
0.00
0.00
0.00
0.00
0.00
0.00
0.00
0.00
0.00
0.00
0.00
0.00
0.00
0.00
0.00
0.00
0.00
0.00
0.00
0.00
0.00
0.00
0.00
0.00
0.00
0.00
0.00
0.00
0.00
0.00
0.00
0.00
0.00
0.00
0.00
0.00
0.00
0.00
0.00
0.00
0.00
0.00
0.00
0.00
0.00
0.00
0.00
0.00
0.00
0.00
0.00
0.00
0.00
0.00
0.00
0.00
0.00
0.00
0.00
0.00
0.00
0.00
0.00
0.00
0.00
0.00
0.00
0.00
0.00
0.00
0.00
0.00
0.00
0.00
0.00
0.00
0.00
0.00
0.00
0.00
0.00
0.00
0.00
0.00
0.00
0.00
0.00
0.00
0.00
0.00
0.00
0.00
0.00
0.00
0.00
0.00
0.00
0.00
0.00
0.00
0.00
0.00
0.00
0.00
0.00
0.00
0.00
0.00
0.00
0.00
0.00
0.00
0.00
0.00
0.00
0.00
0.00
0.00
0.00
0.00
0.00
0.00
0.00
0.00
0.00
0.00
0.00
0.00
0.00
0.00
0.00
0.00
0.00
0.00
0.00
0.00
0.00
0.00
0.00
0.00
0.00
0.00
0.00
0.00
0.00
0.00
0.00
0.00
0.00
0.00
0.00
0.00
0.00
0.00
0.00
0.00
0.00
0.00
0.00
0.00
0.00
0.00
0.00
0.00
0.00
0.00
0.00
0.00
0.00
0.00
0.00
0.00
0.00
0.00
0.00
0.00
0.00
0.00
0.00
0.00
0.00
0.00
0.00
0.00
0.00
0.00
0.00
0.00
0.00
0.00
0.00
0.00
0.00
0.00
0.00
0.00
0.00
0.00
0.00
0.00
0.00
0.00
0.00
0.00
0.00
0.00
0.00
0.00
0.00
0.00
0.00
0.00
0.00
0.00
0.00
0.00
0.00
0.00
0.00
0.00
0.00
0.00
0.00
0.00
0.00
0.00
0.00
0.00
0.00
0.00
0.00
0.00
0.00
0.00
0.00
0.00
0.00
0.00
0.00
0.00
0.00
0.00
0.00
0.00
0.00
0.00
0.00
0.00
0.00
0.00
0.00
0.00
0.00
0.00
0.00
0.00
0.00
0.00
0.00
0.00
0.00
0.00
0.00
0.00
0.00
0.00
0.00
0.00
0.00
0.00
0.00
0.00
0.00
0.00
0.00
0.00
0.00
0.00
0.00
0.00
0.00
0.00
0.00
0.00
0.00
0.00
0.00
0.00
0.00
0.00
0.00
0.00
0.00
0.00
0.00
0.00
0.00
0.00
0.00
0.00
0.00
0.00
0.00
0.00
0.00
0.00
0.00
0.00
0.00
0.00
0.00
0.00
0.00
0.00
0.00
0.00
0.00
0.00
0.00
0.00
0.00
0.00
0.00
0.00
0.00
0.00
0.00
0.00
0.00
0.00
0.00
0.00
0.00
0.00
0.00
0.00
0.00
0.00
0.00
0.00
0.00
0.00
0.00
0.00
0.00
0.00
0.00
0.00
0.00
0.00
0.00
0.00
0.00
0.00
0.00
0.00
0.00
0.00
0.00
0.00
0.00
0.00
0.00
0.00
0.00
0.00
0.00
0.00
0.00
0.00
0.00
0.00
0.00
0.00
0.00
0.00
0.00
0.00
0.00
0.00
0.00
0.00
0.00
0.00
0.00
0.00
0.00
0.00
0.00
0.00
0.00
0.00
0.00
0.00
0.00
0.00
0.00
0.00
0.00
0.00
0.00
0.00
0.00
0.00
0.00
0.00
0.00
0.00
0.00
0.00
0.00
0.00
0.00
0.00
0.00
0.00
0.00
0.00
0.00
0.00
0.00
0.00
0.00
0.00
0.00
0.00
0.00
0.00
0.00
0.00
0.00
0.00
0.00
0.00
0.00
0.00
0.00
0.00
0.00
0.00
0.00
0.00
0.00
0.00
0.00
0.00
0.00
0.00
0.00
0.00
0.00
0.00
0.00
0.00
0.00
0.00
0.00
0.00
0.00
0.00
0.00
0.00
0.00
0.00
0.00
0.00
0.00
0.00
0.00
0.00
0.00
0.00
0.00
0.00
0.00
0.00
0.00
0.00
0.00
0.00
0.00
0.00
0.00
0.00
0.00
0.00
0.00
0.00
0.00
0.00
0.00
0.00
0.00
0.00
0.00
0.00
0.00
0.00
0.00
0.00
0.00
0.00
0.00
0.00
0.00
0.00
0.00
0.00
0.00
0.00
0.00
0.00
0.00
0.00
0.00
0.00
0.00
0.00
0.00
0.00
0.00
0.00
0.00
0.00
0.00
0.00
0.00
0.00
0.00
0.00
0.00
0.00
0.00
0.00
0.00
0.00
0.00
0.00
0.00
0.00
0.00
0.00
0.00
0.00
0.00
0.00
0.00
0.00
0.00
0.00
0.00
0.00
0.00
0.00
0.00
0.00
0.00
0.00
0.00
0.00
0.00
0.00
0.00
0.00
0.00
0.00
0.00
0.00
0.00
0.00
0.00
0.00
0.00
0.00
0.00
0.00
0.00
0.00
0.00
0.00
0.00
0.00
0.00
0.00
0.00
0.00
0.00
0.00
0.00
0.00
0.00
0.00
0.00
0.00
0.00
0.00
0.00
0.00
0.00
0.00
0.00
0.00
0.00
0.00
0.00
0.00
0.00
0.00
0.00
0.00
0.00
0.00
0.00
0.00
0.00
0.00
0.00
0.00
0.00
0.00
0.00
0.00
0.00
0.00
0.00
0.00
0.00
0.00
0.00
0.00
0.00
0.00
0.00
0.00
0.05
0.10
0.15
0.20
0.25
0.30
0.35
0.40
0.45
0.50
0.55
0.60
0.65
0.70
0.75
0.80
0.85
0.90
0.95
1.00
1.05
1.10
1.15
1.20
1.25
1.30
1.35
1.40
1.45
1.50
1.55
1.60
1.65
1.70
1.75
1.80
1.85
1.90
1.95
2.00
2.05
2.10
2.15
2.20
2.25
2.30
2.35
2.40
2.45
2.50
2.55
2.60
2.65
2.70
2.75
2.80
2.85
2.90
2.95
3.00
7.00
11.00
15.00
19.00
23.00
27.00
31.00
35.00
39.00
43.00
47.00
51.00
55.00
59.00
63.00
67.00
71.00
75.00
79.00
83.00
87.00
91.00
95.00
99.00
103.00
107.00
111.00
115.00
119.00
123.00
127.00
131.00
135.00
139.00
143.00
147.00
151.00
155.00
159.00
163.00
167.00
171.00
175.00
179.00
183.00
187.00
191.00
195.00
199.00
203.00
207.00
211.00
215.00
219.00
223.00
227.00
231.00
235.00
239.00
243.00
246.30
249.60
252.90
256.20
259.50
262.80
266.10
269.40
272.70
276.00
279.30
282.60
285.90
289.20
292.50
295.80
299.10
302.40
305.70
309.00
312.30
315.60
318.90
322.20
325.50
328.80
332.10
335.40
338.70
342.00
345.30
348.60
351.90
355.20
358.50
361.80
365.10
368.40
371.70
375.00
378.30
381.60
384.90
388.20
391.50
394.80
398.10
401.40
404.70
408.00
411.30
414.60
417.90
421.20
424.50
427.80
431.10
434.40
437.70
441.00
446.50
452.00
457.50
463.00
468.50
474.00
479.50
485.00
490.50
496.00
501.50
507.00
512.50
518.00
523.50
529.00
534.50
540.00
545.50
551.00
556.50
562.00
567.50
573.00
578.50
584.00
589.50
595.00
600.50
606.00
611.50
617.00
622.50
628.00
633.50
639.00
644.50
650.00
655.50
661.00
666.50
672.00
677.50
683.00
688.50
694.00
699.50
705.00
710.50
716.00
721.50
727.00
732.50
738.00
743.50
749.00
754.50
760.00
765.50
771.00
771.05
771.10
771.15
771.20
771.25
771.30
771.35
771.40
771.45
771.50
771.55
771.60
771.65
771.70
771.75
771.80
771.85
771.90
771.95
772.00
772.05
772.10
772.15
772.20
772.25
772.30
772.35
772.40
772.45
772.50
772.55
772.60
772.65
772.70
772.75
772.80
772.85
772.90
772.95
773.00
773.05
773.10
773.15
773.20
773.25
773.30
773.35
773.40
773.45
773.50
773.55
773.60
773.65
773.70
773.75
773.80
773.85
773.90
773.95
774.00
766.25
758.50
750.75
743.00
735.25
727.50
719.75
712.00
704.25
696.50
688.75
681.00
673.25
665.50
657.75
650.00
642.25
634.50
626.75
619.00
611.25
603.50
595.75
588.00
580.25
572.50
564.75
557.00
549.25
541.50
533.75
526.00
518.25
510.50
502.75
495.00
487.25
479.50
471.75
464.00
456.25
448.50
440.75
433.00
425.25
417.50
409.75
402.00
394.25
386.50
378.75
371.00
363.25
355.50
347.75
340.00
332.25
324.50
316.75
309.00
310.77
312.53
314.30
316.07
317.83
319.60
321.37
323.13
324.90
326.67
328.43
330.20
331.97
333.73
335.50
337.27
339.03
340.80
342.57
344.33
346.10
347.87
349.63
351.40
353.17
354.93
356.70
358.47
360.23
362.00
363.77
365.53
367.30
369.07
370.83
372.60
374.37
376.13
377.90
379.67
381.43
383.20
384.97
386.73
388.50
390.27
392.03
393.80
395.57
397.33
399.10
400.87
402.63
404.40
406.17
407.93
409.70
411.47
413.23
415.00
409.55
404.10
398.65
393.20
387.75
382.30
376.85
371.40
365.95
360.50
355.05
349.60
344.15
338.70
333.25
327.80
322.35
316.90
311.45
306.00
300.55
295.10
289.65
284.20
278.75
273.30
267.85
262.40
256.95
251.50
246.05
240.60
235.15
229.70
224.25
218.80
213.35
207.90
202.45
197.00
191.55
186.10
180.65
175.20
169.75
164.30
158.85
153.40
147.95
142.50
137.05
131.60
126.15
120.70
115.25
109.80
104.35
98.90
93.45
88.00
86.57
85.13
83.70
82.27
80.83
79.40
77.97
76.53
75.10
73.67
72.23
70.80
69.37
67.93
66.50
65.07
63.63
62.20
60.77
59.33
57.90
56.47
55.03
53.60
52.17
50.73
49.30
47.87
46.43
45.00
43.57
42.13
40.70
39.27
37.83
36.40
34.97
33.53
32.10
30.67
29.23
27.80
26.37
24.93
23.50
22.07
20.63
19.20
17.77
16.33
14.90
13.47
12.03
10.60
9.17
7.73
6.30
4.87
3.43
2.00
1.97
1.93
1.90
1.87
1.83
1.80
1.77
1.73
1.70
1.67
1.63
1.60
1.57
1.53
1.50
1.47
1.43
1.40
1.37
1.33
1.30
1.27
1.23
1.20
1.17
1.13
1.10
1.07
1.03
1.00
0.97
0.93
0.90
0.87
0.83
0.80
0.77
0.73
0.70
0.67
0.63
0.60
0.57
0.53
0.50
0.47
0.43
0.40
0.37
0.33
0.30
0.27
0.23
0.20
0.17
0.13
0.10
0.07
0.03
0.00
0.00
0.00
0.00
0.00
0.00
0.00
0.00
0.00
0.00
0.00
0.00
0.00
0.00
0.00
0.00
0.00
0.00
0.00
0.00
0.00
0.00
0.00
0.00
0.00
0.00
0.00
0.00
0.00
0.00
0.00
0.00
0.00
0.00
0.00
0.00
0.00
0.00
0.00
0.00
0.00
0.00
0.00
0.00
0.00
0.00
0.00
0.00
0.00
0.00
0.00
0.00
0.00
0.00
0.00
0.00
0.00
0.00
0.00
0.00
0.00
0.00
0.00
0.00
0.00
0.00
0.00
0.00
0.00
0.00
0.00
0.00
0.00
0.00
0.00
0.00
0.00
0.00
0.00
0.00
0.00
0.00
0.00
0.00
0.00
0.00
0.00
0.00
0.00
0.00
0.00
0.00
0.00
0.00
0.00
0.00
0.00
0.00
0.00
0.00
0.00
0.00
0.00
0.00
0.00
0.00
0.00
0.00
0.00
0.00
0.00
0.00
0.00
0.00
0.00
0.00
0.00
0.00
0.00
0.00
0.00
0.00
0.00
0.00
0.00
0.00
0.00
0.00
0.00
0.00
0.00
0.00
0.00
0.00
0.00
0.00
0.00
0.00
0.00
0.00
0.00
0.00
0.00
0.00
0.00
0.00
0.00
0.00
0.00
0.00
0.00
0.00
0.00
0.00
0.00
0.00
0.00
0.00
0.00
0.00
0.00
0.00
0.00
0.00
0.00
0.00
0.00
0.00
0.00
0.00
0.00
0.00
0.00
0.00
0.00
0.00
0.00
0.00
0.00
0.00
0.00
0.00
0.00
0.00
0.00
0.00
0.00
0.00
0.00
0.00
0.00
0.00
0.00
0.00
0.00
0.00
0.00
0.00
0.00
0.00
0.00
0.00
0.00
0.00
0.00
0.00
0.00
0.00
0.00
0.00
0.00
0.00
0.00
0.00
0.00
0.00
0.00
0.00
0.00
0.00
0.00
0.00
0.00
0.00
0.00
0.00
0.00
0.00
0.00
0.00
0.00
0.00
0.00
0.00
0.00
0.00
0.00
0.00
0.00
0.00
0.00
0.00
0.00
0.00
0.00
0.00
0.00
0.00
0.00
0.00
0.00
0.00
0.00
0.00
0.00
0.00
0.00
0.00
0.00
0.00
0.00
0.00
0.00
0.00
0.00
0.00
0.00
0.00
0.00
0.00
0.00
0.00
0.00
0.00
0.00
0.00
0.00
0.00
0.00
0.00
0.00
0.00
0.00
0.00
0.00
0.00
0.00
0.00
0.00
0.00
0.00
0.00
0.00
0.00
0.00
0.00
0.00
0.00
0.00
0.00
0.00
0.00
0.00
0.00
0.00
0.00
0.00
0.00
0.00
0.00
0.00
0.00
0.00
0.00
0.00
0.00
0.00
0.00
0.00
0.00
0.00
0.00
0.00
0.00
0.00
0.00
0.00
0.00
0.00
0.00
0.00
0.00
0.00
0.00
0.00
0.00
0.00
0.00
0.00
0.00
0.00
0.00
0.00
0.00
0.00
0.00
0.00
0.00
0.00
0.00
0.00
0.00
0.00
0.00
0.00
0.00
0.00
0.00
0.00
0.00
0.00
0.00
0.00
0.00
0.00
0.00
0.00
0.00
0.00
0.00
0.00
0.00
0.00
0.00
0.00
0.00
0.00
0.00
0.00
0.00
0.00
0.00
0.00
0.00
0.00
0.00
0.00
0.00
0.00
0.00
0.00
0.00
0.00
0.00
0.00
0.00
0.00
0.00
0.00
0.00
0.00
0.00
0.00
0.00
0.00
0.00
0.00
0.00
0.00
0.00
0.00
0.00
0.00
0.00
0.00
0.00
0.00
0.00
0.00
0.00
0.00
0.00
0.00
0.00
0.00
0.00
0.00
0.00
0.00
0.00
0.00
0.00
0.00
0.00
0.00
0.00
0.00
0.00
0.00
0.00
0.00
0.00
0.00
0.00
0.00
0.00
0.00
0.00
0.00
0.00
0.00
0.00
0.00
0.00
0.00
0.00
0.00
0.00
0.00
0.00
0.00
0.00
0.00
0.00
0.00
0.00
0.00
0.00
0.00
0.00
0.00
0.00
0.00
0.00
0.00
0.00
0.00
0.00
0.00
0.00
0.00
0.00
0.00
0.00
0.00
0.00
0.00
0.00
0.00
0.00
0.00
0.00
0.00
0.00
0.00
0.00
0.00
0.00
0.00
0.00
0.00
0.00
0.00
0.00
0.00
0.00
0.00
0.00
0.00
0.00
0.00
0.00
0.00
0.00
0.00
0.00
0.00
0.00
0.00
0.00
0.00
0.00
0.00
0.00
0.00
0.00
0.00
0.00
0.00
0.00
0.00
0.00
0.00
0.00
0.00
0.00
0.00
0.00
0.00
0.00
0.00
0.00
0.00
0.00
0.00
0.00
0.00
0.00
0.00
0.00
0.00
0.00
0.00
0.00
0.00
0.00
0.00
0.00
0.00
0.00
0.00
0.00
0.00
0.00
0.00
0.00
0.00
0.00
0.00
0.00
0.00
0.00
0.00
0.00
0.00
0.00
0.00
0.00
0.00
0.00
0.00
0.00
0.00
0.00
0.00
0.00
0.00
0.00
0.00
0.00
0.00
0.00
0.00
0.00
0.00
0.00
0.00
0.00
0.00
0.00
0.00
0.00
0.00
0.00
0.00
0.00
0.00
0.00
0.00
0.00
0.00
0.00
0.00
0.00
0.00
0.00
0.00
0.00
0.00
0.00
0.00
0.00
0.00
0.00
0.00
0.00
0.00
0.00
0.00
0.00
0.00
0.00
0.00
0.00
0.00
0.00
0.00
0.00
0.00
0.00
0.00
0.00
0.00
0.00
0.00
0.00
0.00
0.00
0.00
0.00
0.00
0.00
0.00
0.00
0.00
0.00
0.00
0.00
0.00
0.00
0.00
0.00
0.00
0.00
0.00
0.00
0.00
0.00
0.00
0.00
0.00
0.00
0.00
0.00
0.00
0.00
0.00
0.00
0.00
0.00
0.00
0.00
0.00
0.00
0.00
0.00
0.00
0.00
0.00
0.00
0.00
0.00
0.00
0.00
0.00
0.00
0.00
0.00
0.00
0.00
0.00
0.00
0.00
0.00
0.00
0.00
0.00
0.00
0.00
0.00
0.00
0.00
0.00
0.00
0.00
0.00
0.00
0.00
0.00
0.00
0.00
0.00
0.00
0.00
0.00
0.00
0.00
0.00
0.00
0.00
0.00
0.00
0.00
0.00
0.00
0.00
0.00
0.00
0.00
0.00
0.00
0.00
0.00
0.00
0.00
0.00
0.00
0.00
0.00
0.00
0.00
0.00
0.00
0.00
0.00
0.00
0.00
0.00
0.00
0.00
0.00
0.00
0.00
0.00
0.00
0.00
0.00
0.00
0.00
0.00
0.00
0.00
0.00
0.00
0.00
0.00
0.00
0.00
0.00
0.00
0.00
0.00
0.00
0.00
0.00
0.00
0.00
0.00
0.00
0.00
0.00
0.00
0.00
0.00
0.00
0.00
0.00
0.00
0.00
0.00
0.00
0.00
0.00
0.00
0.00
0.00
0.00
0.00
0.00
0.00
0.00
0.00
0.00
0.00
0.00
0.00
0.00
0.00
0.00
0.00
0.00
0.00
0.00
0.00
0.00
0.00
0.00
0.00
0.00
0.00
0.00
0.00
0.00
0.00
0.00
0.00
0.00
0.00
0.00
0.00
0.00
0.07
0.13
0.20
0.27
0.33
0.40
0.47
0.53
0.60
0.67
0.73
0.80
0.87
0.93
1.00
1.07
1.13
1.20
1.27
1.33
1.40
1.47
1.53
1.60
1.67
1.73
1.80
1.87
1.93
2.00
2.07
2.13
2.20
2.27
2.33
2.40
2.47
2.53
2.60
2.67
2.73
2.80
2.87
2.93
3.00
3.07
3.13
3.20
3.27
3.33
3.40
3.47
3.53
3.60
3.67
3.73
3.80
3.87
3.93
4.00
7.57
11.13
14.70
18.27
21.83
25.40
28.97
32.53
36.10
39.67
43.23
46.80
50.37
53.93
57.50
61.07
64.63
68.20
71.77
75.33
78.90
82.47
86.03
89.60
93.17
96.73
100.30
103.87
107.43
111.00
114.57
118.13
121.70
125.27
128.83
132.40
135.97
139.53
143.10
146.67
150.23
153.80
157.37
160.93
164.50
168.07
171.63
175.20
178.77
182.33
185.90
189.47
193.03
196.60
200.17
203.73
207.30
210.87
214.43
218.00
224.00
230.00
236.00
242.00
248.00
254.00
260.00
266.00
272.00
278.00
284.00
290.00
296.00
302.00
308.00
314.00
320.00
326.00
332.00
338.00
344.00
350.00
356.00
362.00
368.00
374.00
380.00
386.00
392.00
398.00
404.00
410.00
416.00
422.00
428.00
434.00
440.00
446.00
452.00
458.00
464.00
470.00
476.00
482.00
488.00
494.00
500.00
506.00
512.00
518.00
524.00
530.00
536.00
542.00
548.00
554.00
560.00
566.00
572.00
578.00
580.07
582.13
584.20
586.27
588.33
590.40
592.47
594.53
596.60
598.67
600.73
602.80
604.87
606.93
609.00
611.07
613.13
615.20
617.27
619.33
621.40
623.47
625.53
627.60
629.67
631.73
633.80
635.87
637.93
640.00
642.07
644.13
646.20
648.27
650.33
652.40
654.47
656.53
658.60
660.67
662.73
664.80
666.87
668.93
671.00
673.07
675.13
677.20
679.27
681.33
683.40
685.47
687.53
689.60
691.67
693.73
695.80
697.87
699.93
702.00
702.82
703.63
704.45
705.27
706.08
706.90
707.72
708.53
709.35
710.17
710.98
711.80
712.62
713.43
714.25
715.07
715.88
716.70
717.52
718.33
719.15
719.97
720.78
721.60
722.42
723.23
724.05
724.87
725.68
726.50
727.32
728.13
728.95
729.77
730.58
731.40
732.22
733.03
733.85
734.67
735.48
736.30
737.12
737.93
738.75
739.57
740.38
741.20
742.02
742.83
743.65
744.47
745.28
746.10
746.92
747.73
748.55
749.37
750.18
751.00
750.23
749.47
748.70
747.93
747.17
746.40
745.63
744.87
744.10
743.33
742.57
741.80
741.03
740.27
739.50
738.73
737.97
737.20
736.43
735.67
734.90
734.13
733.37
732.60
731.83
731.07
730.30
729.53
728.77
728.00
727.23
726.47
725.70
724.93
724.17
723.40
722.63
721.87
721.10
720.33
719.57
718.80
718.03
717.27
716.50
715.73
714.97
714.20
713.43
712.67
711.90
711.13
710.37
709.60
708.83
708.07
707.30
706.53
705.77
705.00
703.87
702.73
701.60
700.47
699.33
698.20
697.07
695.93
694.80
693.67
692.53
691.40
690.27
689.13
688.00
686.87
685.73
684.60
683.47
682.33
681.20
680.07
678.93
677.80
676.67
675.53
674.40
673.27
672.13
671.00
669.87
668.73
667.60
666.47
665.33
664.20
663.07
661.93
660.80
659.67
658.53
657.40
656.27
655.13
654.00
652.87
651.73
650.60
649.47
648.33
647.20
646.07
644.93
643.80
642.67
641.53
640.40
639.27
638.13
637.00
631.45
625.90
620.35
614.80
609.25
603.70
598.15
592.60
587.05
581.50
575.95
570.40
564.85
559.30
553.75
548.20
542.65
537.10
531.55
526.00
520.45
514.90
509.35
503.80
498.25
492.70
487.15
481.60
476.05
470.50
464.95
459.40
453.85
448.30
442.75
437.20
431.65
426.10
420.55
415.00
409.45
403.90
398.35
392.80
387.25
381.70
376.15
370.60
365.05
359.50
353.95
348.40
342.85
337.30
331.75
326.20
320.65
315.10
309.55
304.00
299.15
294.30
289.45
284.60
279.75
274.90
270.05
265.20
260.35
255.50
250.65
245.80
240.95
236.10
231.25
226.40
221.55
216.70
211.85
207.00
202.15
197.30
192.45
187.60
182.75
177.90
173.05
168.20
163.35
158.50
153.65
148.80
143.95
139.10
134.25
129.40
124.55
119.70
114.85
110.00
105.15
100.30
95.45
90.60
85.75
80.90
76.05
71.20
66.35
61.50
56.65
51.80
46.95
42.10
37.25
32.40
27.55
22.70
17.85
13.00
12.78
12.57
12.35
12.13
11.92
11.70
11.48
11.27
11.05
10.83
10.62
10.40
10.18
9.97
9.75
9.53
9.32
9.10
8.88
8.67
8.45
8.23
8.02
7.80
7.58
7.37
7.15
6.93
6.72
6.50
6.28
6.07
5.85
5.63
5.42
5.20
4.98
4.77
4.55
4.33
4.12
3.90
3.68
3.47
3.25
3.03
2.82
2.60
2.38
2.17
1.95
1.73
1.52
1.30
1.08
0.87
0.65
0.43
0.22
0.00
0.00
0.00
0.00
0.00
0.00
0.00
0.00
0.00
0.00
0.00
0.00
0.00
0.00
0.00
0.00
0.00
0.00
0.00
0.00
0.00
0.00
0.00
0.00
0.00
0.00
0.00
0.00
0.00
0.00
0.00
0.00
0.00
0.00
0.00
0.00
0.00
0.00
0.00
0.00
0.00
0.00
0.00
0.00
0.00
0.00
0.00
0.00
0.00
0.00
0.00
0.00
0.00
0.00
0.00
0.00
0.00
0.00
0.00
0.00
0.00
0.00
0.00
0.00
0.00
0.00
0.00
0.00
0.00
0.00
0.00
0.00
0.00
0.00
0.00
0.00
0.00
0.00
0.00
0.00
0.00
0.00
0.00
0.00
0.00
0.00
0.00
0.00
0.00
0.00
0.00
0.00
0.00
0.00
0.00
0.00
0.00
0.00
0.00
0.00
0.00
0.00
0.00
0.00
0.00
0.00
0.00
0.00
0.00
0.00
0.00
0.00
0.00
0.00
0.00
0.00
0.00
0.00
0.00
0.00
0.00
0.00
0.00
0.00
0.00
0.00
0.00
0.00
0.00
0.00
0.00
0.00
0.00
0.00
0.00
0.00
0.00
0.00
0.00
0.00
0.00
0.00
0.00
0.00
0.00
0.00
0.00
0.00
0.00
0.00
0.00
0.00
0.00
0.00
0.00
0.00
0.00
0.00
0.00
0.00
0.00
0.00
0.00
0.00
0.00
0.00
0.00
0.00
0.00
0.00
0.00
0.00
0.00
0.00
0.00
0.00
0.00
0.00
0.00
0.00
0.00
0.00
0.00
0.00
0.00
0.00
0.00
0.00
0.00
0.00
0.00
0.00
0.00
0.00
0.00
0.00
0.00
0.00
0.00
0.00
0.00
0.00
0.00
0.00
0.00
0.00
0.00
0.00
0.00
0.00
0.00
0.00
0.00
0.00
0.00
0.00
0.00
0.00
0.00
0.00
0.00
0.00
0.00
0.00
0.00
0.00
0.00
0.00
0.00
0.00
0.00
0.00
0.00
0.00
0.00
0.00
0.00
0.00
0.00
0.00
0.00
0.00
0.00
0.00
0.00
0.00
0.00
0.00
0.00
0.00
0.00
0.00
0.00
0.00
0.00
0.00
0.00
0.00
0.00
0.00
0.00
0.00
0.00
0.00
0.00
0.00
0.00
0.00
0.00
0.00
0.00
0.00
0.00
0.00
0.00
0.00
0.00
0.00
0.00
0.00
0.00
0.00
0.00
0.00
0.00
0.00
0.00
0.00
0.00
0.00
0.00
0.00
0.00
0.00
0.00
0.00
0.00
0.00
0.00
0.00
0.00
0.00
0.00
0.00
0.00
0.00
0.00
0.00
0.00
0.00
0.00
0.00
0.00
0.00
0.00
0.00
0.00
0.00
0.00
0.00
0.00
0.00
0.00
0.00
0.00
0.00
0.00
0.00
0.00
0.00
0.00
0.00
0.00
0.00
0.00
0.00
0.00
0.00
0.00
0.00
0.00
0.00
0.00
0.00
0.00
0.00
0.00
0.00
0.00
0.00
0.00
0.00
0.00
0.00
0.00
0.00
0.00
0.00
0.00
0.00
0.00
0.00
0.00
0.00
0.00
0.00
0.00
0.00
0.00
0.00
0.00
0.00
0.00
0.00
0.00
0.00
0.00
0.00
0.00
0.00
0.00
0.00
0.00
0.00
0.00
0.00
0.00
0.00
0.00
0.00
0.00
0.00
0.00
0.00
0.00
0.00
0.00
0.00
0.00
0.00
0.00
0.00
0.00
0.00
0.00
0.00
0.00
0.00
0.00
0.00
0.00
0.00
0.00
0.00
0.00
0.00
0.00
0.00
0.00
0.00
0.00
0.00
0.00
0.00
0.00
0.00
0.00
0.00
0.00
0.00
0.00
0.00
0.00
0.00
0.00
0.00
0.00
0.00
0.00
0.00
0.00
0.00
0.00
0.00
0.00
0.00
0.00
0.00
0.00
0.00
0.00
0.00
0.00
0.00
0.00
0.00
0.00
0.00
0.00
0.00
0.00
0.00
0.00
0.00
0.00
0.00
0.00
0.00
0.00
0.00
0.00
0.00
0.00
0.00
0.00
0.00
0.00
0.00
0.00
0.00
0.00
0.00
0.00
0.00
0.00
0.00
0.00
0.00
0.00
0.00
0.00
0.00
0.00
0.00
0.00
0.00
0.00
0.00
0.00
0.00
0.00
0.00
0.00
0.00
0.00
0.00
0.00
0.00
0.00
0.00
0.00
0.00
0.00
0.00
0.00
0.00
0.00
0.00
0.00
0.00
0.00
0.00
0.00
0.00
0.00
0.00
0.00
0.00
0.00
0.00
0.00
0.00
0.00
0.00
0.00
0.00
0.00
0.00
0.00
0.00
0.00
0.00
0.00
0.00
0.00
0.00
0.00
0.00
0.00
0.00
0.00
0.00
0.00
0.00
0.00
0.00
0.00
0.00
0.00
0.00
0.00
0.00
0.00
0.00
0.00
0.00
0.00
0.00
0.00
0.00
0.00
0.00
0.00
0.00
0.00
0.00
0.00
0.00
0.00
0.00
0.00
0.00
0.00
0.00
0.00
0.00
0.00
0.00
0.00
0.00
0.00
0.00
0.00
0.00
0.00
0.00
0.00
0.00
0.00
0.00
0.00
0.00
0.00
0.00
0.00
0.00
0.00
0.00
0.00
0.00
0.00
0.00
0.00
0.00
0.00
0.00
0.00
0.00
0.00
0.00
0.00
0.00
0.00
0.00
0.00
0.00
0.00
0.00
0.00
0.00
0.00
0.00
0.00
0.00
0.00
0.00
0.00
0.00
0.00
0.00
0.00
0.00
0.00
0.00
0.00
0.00
0.00
0.00
0.00
0.00
0.00
0.00
0.00
0.00
0.00
0.00
0.00
0.00
0.00
0.00
0.00
0.00
0.00
0.00
0.00
0.00
0.00
0.00
0.00
0.00
0.00
0.00
0.00
0.00
0.00
0.00
0.00
0.00
0.00
0.00
0.00
0.00
0.00
0.00
0.00
0.00
0.00
0.00
0.00
0.00
0.00
0.00
0.00
0.00
0.00
0.00
0.00
0.00
0.00
0.00
0.00
0.00
0.00
0.00
0.00
0.00
0.00
0.00
0.00
0.00
0.00
0.00
0.00
0.00
0.00
0.00
0.00
0.00
0.00
0.00
0.00
0.00
0.00
0.00
0.00
0.00
0.00
0.00
0.00
0.00
0.00
0.00
0.00
0.00
0.00
0.00
0.00
0.00
0.00
0.00
0.00
0.00
0.00
0.00
0.00
0.00
0.00
0.00
0.00
0.00
0.00
0.00
0.00
0.00
0.00
0.00
0.00
0.00
0.00
0.00
0.00
0.00
0.00
0.00
0.00
0.00
0.00
0.00
0.00
0.00
0.00
0.00
0.00
0.00
0.00
0.00
0.00
0.00
0.00
0.00
0.00
0.00
0.00
0.00
0.00
0.00
0.00
0.00
0.00
0.00
0.00
0.00
0.00
0.00
0.00
0.00
0.00
0.00
0.00
0.00
0.00
0.00
0.00
0.00
0.00
0.00
0.00
0.00
0.00
0.00
0.00
0.00
0.00
0.00
0.00
0.00
0.00
0.00
0.00
0.00
0.00
0.00
0.00
0.00
0.00
0.00
0.00
0.00
0.00
0.00
0.00
0.00
0.00
0.00
0.00
0.00
0.00
0.00
0.00
0.00
0.00
0.02
0.03
0.05
0.07
0.08
0.10
0.12
0.13
0.15
0.17
0.18
0.20
0.22
0.23
0.25
0.27
0.28
0.30
0.32
0.33
0.35
0.37
0.38
0.40
0.42
0.43
0.45
0.47
0.48
0.50
0.52
0.53
0.55
0.57
0.58
0.60
0.62
0.63
0.65
0.67
0.68
0.70
0.72
0.73
0.75
0.77
0.78
0.80
0.82
0.83
0.85
0.87
0.88
0.90
0.92
0.93
0.95
0.97
0.98
1.00
1.12
1.23
1.35
1.47
1.58
1.70
1.82
1.93
2.05
2.17
2.28
2.40
2.52
2.63
2.75
2.87
2.98
3.10
3.22
3.33
3.45
3.57
3.68
3.80
3.92
4.03
4.15
4.27
4.38
4.50
4.62
4.73
4.85
4.97
5.08
5.20
5.32
5.43
5.55
5.67
5.78
5.90
6.02
6.13
6.25
6.37
6.48
6.60
6.72
6.83
6.95
7.07
7.18
7.30
7.42
7.53
7.65
7.77
7.88
8.00
8.35
8.70
9.05
9.40
9.75
10.10
10.45
10.80
11.15
11.50
11.85
12.20
12.55
12.90
13.25
13.60
13.95
14.30
14.65
15.00
15.35
15.70
16.05
16.40
16.75
17.10
17.45
17.80
18.15
18.50
18.85
19.20
19.55
19.90
20.25
20.60
20.95
21.30
21.65
22.00
22.35
22.70
23.05
23.40
23.75
24.10
24.45
24.80
25.15
25.50
25.85
26.20
26.55
26.90
27.25
27.60
27.95
28.30
28.65
29.00
28.88
28.77
28.65
28.53
28.42
28.30
28.18
28.07
27.95
27.83
27.72
27.60
27.48
27.37
27.25
27.13
27.02
26.90
26.78
26.67
26.55
26.43
26.32
26.20
26.08
25.97
25.85
25.73
25.62
25.50
25.38
25.27
25.15
25.03
24.92
24.80
24.68
24.57
24.45
24.33
24.22
24.10
23.98
23.87
23.75
23.63
23.52
23.40
23.28
23.17
23.05
22.93
22.82
22.70
22.58
22.47
22.35
22.23
22.12
22.00
22.03
22.07
22.10
22.13
22.17
22.20
22.23
22.27
22.30
22.33
22.37
22.40
22.43
22.47
22.50
22.53
22.57
22.60
22.63
22.67
22.70
22.73
22.77
22.80
22.83
22.87
22.90
22.93
22.97
23.00
23.03
23.07
23.10
23.13
23.17
23.20
23.23
23.27
23.30
23.33
23.37
23.40
23.43
23.47
23.50
23.53
23.57
23.60
23.63
23.67
23.70
23.73
23.77
23.80
23.83
23.87
23.90
23.93
23.97
24.00
34.18
44.37
54.55
64.73
74.92
85.10
95.28
105.47
115.65
125.83
136.02
146.20
156.38
166.57
176.75
186.93
197.12
207.30
217.48
227.67
237.85
248.03
258.22
268.40
278.58
288.77
298.95
309.13
319.32
329.50
339.68
349.87
360.05
370.23
380.42
390.60
400.78
410.97
421.15
431.33
441.52
451.70
461.88
472.07
482.25
492.43
502.62
512.80
522.98
533.17
543.35
553.53
563.72
573.90
584.08
594.27
604.45
614.63
624.82
635.00
635.58
636.17
636.75
637.33
637.92
638.50
639.08
639.67
640.25
640.83
641.42
642.00
642.58
643.17
643.75
644.33
644.92
645.50
646.08
646.67
647.25
647.83
648.42
649.00
649.58
650.17
650.75
651.33
651.92
652.50
653.08
653.67
654.25
654.83
655.42
656.00
656.58
657.17
657.75
658.33
658.92
659.50
660.08
660.67
661.25
661.83
662.42
663.00
663.58
664.17
664.75
665.33
665.92
666.50
667.08
667.67
668.25
668.83
669.42
670.00
666.22
662.43
658.65
654.87
651.08
647.30
643.52
639.73
635.95
632.17
628.38
624.60
620.82
617.03
613.25
609.47
605.68
601.90
598.12
594.33
590.55
586.77
582.98
579.20
575.42
571.63
567.85
564.07
560.28
556.50
552.72
548.93
545.15
541.37
537.58
533.80
530.02
526.23
522.45
518.67
514.88
511.10
507.32
503.53
499.75
495.97
492.18
488.40
484.62
480.83
477.05
473.27
469.48
465.70
461.92
458.13
454.35
450.57
446.78
443.00
436.08
429.17
422.25
415.33
408.42
401.50
394.58
387.67
380.75
373.83
366.92
360.00
353.08
346.17
339.25
332.33
325.42
318.50
311.58
304.67
297.75
290.83
283.92
277.00
270.08
263.17
256.25
249.33
242.42
235.50
228.58
221.67
214.75
207.83
200.92
194.00
187.08
180.17
173.25
166.33
159.42
152.50
145.58
138.67
131.75
124.83
117.92
111.00
104.08
97.17
90.25
83.33
76.42
69.50
62.58
55.67
48.75
41.83
34.92
28.00
27.53
27.07
26.60
26.13
25.67
25.20
24.73
24.27
23.80
23.33
22.87
22.40
21.93
21.47
21.00
20.53
20.07
19.60
19.13
18.67
18.20
17.73
17.27
16.80
16.33
15.87
15.40
14.93
14.47
14.00
13.53
13.07
12.60
12.13
11.67
11.20
10.73
10.27
9.80
9.33
8.87
8.40
7.93
7.47
7.00
6.53
6.07
5.60
5.13
4.67
4.20
3.73
3.27
2.80
2.33
1.87
1.40
0.93
0.47
0.00
0.00
0.00
0.00
0.00
0.00
0.00
0.00
0.00
0.00
0.00
0.00
0.00
0.00
0.00
0.00
0.00
0.00
0.00
0.00
0.00
0.00
0.00
0.00
0.00
0.00
0.00
0.00
0.00
0.00
0.00
0.00
0.00
0.00
0.00
0.00
0.00
0.00
0.00
0.00
0.00
0.00
0.00
0.00
0.00
0.00
0.00
0.00
0.00
0.00
0.00
0.00
0.00
0.00
0.00
0.00
0.00
0.00
0.00
0.00
0.00
0.00
0.00
0.00
0.00
0.00
0.00
0.00
0.00
0.00
0.00
0.00
0.00
0.00
0.00
0.00
0.00
0.00
0.00
0.00
0.00
0.00
0.00
0.00
0.00
0.00
0.00
0.00
0.00
0.00
0.00
0.00
0.00
0.00
0.00
0.00
0.00
0.00
0.00
0.00
0.00
0.00
0.00
0.00
0.00
0.00
0.00
0.00
0.00
0.00
0.00
0.00
0.00
0.00
0.00
0.00
0.00
0.00
0.00
0.00
0.00
0.00
0.00
0.00
0.00
0.00
0.00
0.00
0.00
0.00
0.00
0.00
0.00
0.00
0.00
0.00
0.00
0.00
0.00
0.00
0.00
0.00
0.00
0.00
0.00
0.00
0.00
0.00
0.00
0.00
0.00
0.00
0.00
0.00
0.00
0.00
0.00
0.00
0.00
0.00
0.00
0.00
0.00
0.00
0.00
0.00
0.00
0.00
0.00
0.00
0.00
0.00
0.00
0.00
0.00
0.00
0.00
0.00
0.00
0.00
0.00
0.00
0.00
0.00
0.00
0.00
0.00
0.00
0.00
0.00
0.00
0.00
0.00
0.00
0.00
0.00
0.00
0.00
0.00
0.00
0.00
0.00
0.00
0.00
0.00
0.00
0.00
0.00
0.00
0.00
0.00
0.00
0.00
0.00
0.00
0.00
0.00
0.00
0.00
0.00
0.00
0.00
0.00
0.00
0.00
0.00
0.00
0.00
0.00
0.00
0.00
0.00
0.00
0.00
0.00
0.00
0.00
0.00
0.00
0.00
0.00
0.00
0.00
0.00
0.00
0.00
0.00
0.00
0.00
0.00
0.00
0.00
0.00
0.00
0.00
0.00
0.00
0.00
0.00
0.00
0.00
0.00
0.00
0.00
0.00
0.00
0.00
0.00
0.00
0.00
0.00
0.00
0.00
0.00
0.00
0.00
0.00
0.00
0.00
0.00
0.00
0.00
0.00
0.00
0.00
0.00
0.00
0.00
0.00
0.00
0.00
0.00
0.00
0.00
0.00
0.00
0.00
0.00
0.00
0.00
0.00
0.00
0.00
0.00
0.00
0.00
0.00
0.00
0.00
0.00
0.00
0.00
0.00
0.00
0.00
0.00
0.00
0.00
0.00
0.00
0.00
0.00
0.00
0.00
0.00
0.00
0.00
0.00
0.00
0.00
0.00
0.00
0.00
0.00
0.00
0.00
0.00
0.00
0.00
0.00
0.00
0.00
0.00
0.00
0.00
0.00
0.00
0.00
0.00
0.00
0.00
0.00
0.00
0.00
0.00
0.00
0.00
0.00
0.00
0.00
0.00
0.00
0.00
0.00
0.00
0.00
0.00
0.00
0.00
0.00
0.00
0.00
0.00
0.00
0.00
0.00
0.00
0.00
0.00
0.00
0.00
0.00
0.00
0.00
0.00
0.00
0.00
0.00
0.00
0.00
0.00
0.00
0.00
0.00
0.00
0.00
0.00
0.00
0.00
0.00
0.00
0.00
0.00
0.00
0.00
0.00
0.00
0.00
0.00
0.00
0.00
0.00
0.00
0.00
0.00
0.00
0.00
0.00
0.00
0.00
