0.00
0.00
0.00
0.00
0.00
0.00
0.00
0.00
0.00
0.00
0.00
0.00
0.00
0.00
0.00
0.00
0.00
0.00
0.00
0.00
0.00
0.00
0.00
0.00
0.00
0.00
0.00
0.00
0.00
0.00
0.00
0.00
0.00
0.00
0.00
0.00
0.00
0.00
0.00
0.00
0.00
0.00
0.00
0.00
0.00
0.00
0.00
0.00
0.00
0.00
0.00
0.00
0.00
0.00
0.00
0.00
0.00
0.00
0.00
0.00
0.00
0.00
0.00
0.00
0.00
0.00
0.00
0.00
0.00
0.00
0.00
0.00
0.00
0.00
0.00
0.00
0.00
0.00
0.00
0.00
0.00
0.00
0.00
0.00
0.00
0.00
0.00
0.00
0.00
0.00
0.00
0.00
0.00
0.00
0.00
0.00
0.00
0.00
0.00
0.00
0.00
0.00
0.00
0.00
0.00
0.00
0.00
0.00
0.00
0.00
0.00
0.00
0.00
0.00
0.00
0.00
0.00
0.00
0.00
0.00
0.00
0.00
0.00
0.00
0.00
0.00
0.00
0.00
0.00
0.00
0.00
0.00
0.00
0.00
0.00
0.00
0.00
0.00
0.00
0.00
0.00
0.00
0.00
0.00
0.00
0.00
0.00
0.00
0.00
0.00
0.00
0.00
0.00
0.00
0.00
0.00
0.00
0.00
0.00
0.00
0.00
0.00
0.00
0.00
0.00
0.00
0.00
0.00
0.00
0.00
0.00
0.00
0.00
0.00
0.00
0.00
0.00
0.00
0.00
0.00
0.00
0.00
0.00
0.00
0.00
0.00
0.00
0.00
0.00
0.00
0.00
0.00
0.00
0.00
0.00
0.00
0.00
0.00
0.00
0.00
0.00
0.00
0.00
0.00
0.00
0.00
0.00
0.00
0.00
0.00
0.00
0.00
0.00
0.00
0.00
0.00
0.00
0.00
0.00
0.00
0.00
0.00
0.00
0.00
0.00
0.00
0.00
0.00
0.00
0.00
0.00
0.00
0.00
0.00
0.00
0.00
0.00
0.00
0.00
0.00
0.00
0.00
0.00
0.00
0.00
0.00
0.00
0.00
0.00
0.00
0.00
0.00
0.00
0.00
0.00
0.00
0.00
0.00
0.00
0.00
0.00
0.00
0.00
0.00
0.00
0.00
0.00
0.00
0.00
0.00
0.00
0.00
0.00
0.00
0.00
0.00
0.00
0.00
0.00
0.00
0.00
0.00
0.00
0.00
0.00
0.00
0.00
0.00
0.00
0.00
0.00
0.00
0.00
0.00
0.00
0.00
0.00
0.00
0.00
0.00
0.00
0.00
0.00
0.00
0.00
0.00
0.00
0.00
0.00
0.00
0.00
0.00
0.00
0.00
0.00
0.00
0.00
0.00
0.00
0.00
0.00
0.00
0.00
0.00
0.00
0.00
0.00
0.00
0.00
0.00
0.00
0.00
0.00
0.00
0.00
0.00
0.00
0.00
0.00
0.00
0.00
0.00
0.00
0.00
0.00
0.00
0.00
0.00
0.00
0.00
0.00
0.00
0.00
0.00
0.00
0.00
0.00
0.00
0.00
0.00
0.00
0.00
0.00
0.00
0.00
0.00
0.00
0.00
0.00
0.00
0.00
0.00
0.00
0.00
0.00
0.00
0.00
0.00
0.00
0.00
0.00
0.00
0.00
0.00
0.00
0.00
0.00
0.00
0.00
0.00
0.00
0.00
0.00
0.00
0.00
0.00
0.00
0.00
0.00
0.00
0.00
0.00
0.00
0.00
0.00
0.00
0.00
0.00
0.00
0.00
0.00
0.00
0.00
0.00
0.00
0.00
0.00
0.00
0.00
0.00
0.00
0.00
0.00
0.00
0.00
0.00
0.00
0.00
0.00
0.00
0.00
0.00
0.00
0.00
0.00
0.00
0.00
0.00
0.00
0.00
0.00
0.00
0.00
0.00
0.00
0.00
0.00
0.00
0.00
0.00
0.00
0.00
0.00
0.00
0.00
0.00
0.00
0.00
0.00
0.00
0.00
0.00
0.00
0.00
0.00
0.00
0.00
0.00
0.00
0.00
0.00
0.00
0.00
0.00
0.00
0.00
0.00
0.00
0.00
0.00
0.00
0.77
1.53
2.30
3.07
3.83
4.60
5.37
6.13
6.90
7.67
8.43
9.20
9.97
10.73
11.50
12.27
13.03
13.80
14.57
15.33
16.10
16.87
17.63
18.40
19.17
19.93
20.70
21.47
22.23
23.00
23.77
24.53
25.30
26.07
26.83
27.60
28.37
29.13
29.90
30.67
31.43
32.20
32.97
33.73
34.50
35.27
36.03
36.80
37.57
38.33
39.10
39.87
40.63
41.40
42.17
42.93
43.70
44.47
45.23
46.00
45.23
44.47
43.70
42.93
42.17
41.40
40.63
39.87
39.10
38.33
37.57
36.80
36.03
35.27
34.50
33.73
32.97
32.20
31.43
30.67
29.90
29.13
28.37
27.60
26.83
26.07
25.30
24.53
23.77
23.00
22.23
21.47
20.70
19.93
19.17
18.40
17.63
16.87
16.10
15.33
14.57
13.80
13.03
12.27
11.50
10.73
9.97
9.20
8.43
7.67
6.90
6.13
5.37
4.60
3.83
3.07
2.30
1.53
0.77
0.00
0.17
0.33
0.50
0.67
0.83
1.00
1.17
1.33
1.50
1.67
1.83
2.00
2.17
2.33
2.50
2.67
2.83
3.00
3.17
3.33
3.50
3.67
3.83
4.00
4.17
4.33
4.50
4.67
4.83
5.00
5.17
5.33
5.50
5.67
5.83
6.00
6.17
6.33
6.50
6.67
6.83
7.00
7.17
7.33
7.50
7.67
7.83
8.00
8.17
8.33
8.50
8.67
8.83
9.00
9.17
9.33
9.50
9.67
9.83
10.00
13.87
17.73
21.60
25.47
29.33
33.20
37.07
40.93
44.80
48.67
52.53
56.40
60.27
64.13
68.00
71.87
75.73
79.60
83.47
87.33
91.20
95.07
98.93
102.80
106.67
110.53
114.40
118.27
122.13
126.00
129.87
133.73
137.60
141.47
145.33
149.20
153.07
156.93
160.80
164.67
168.53
172.40
176.27
180.13
184.00
187.87
191.73
195.60
199.47
203.33
207.20
211.07
214.93
218.80
222.67
226.53
230.40
234.27
238.13
242.00
245.03
248.07
251.10
254.13
257.17
260.20
263.23
266.27
269.30
272.33
275.37
278.40
281.43
284.47
287.50
290.53
293.57
296.60
299.63
302.67
305.70
308.73
311.77
314.80
317.83
320.87
323.90
326.93
329.97
333.00
336.03
339.07
342.10
345.13
348.17
351.20
354.23
357.27
360.30
363.33
366.37
369.40
372.43
375.47
378.50
381.53
384.57
387.60
390.63
393.67
396.70
399.73
402.77
405.80
408.83
411.87
414.90
417.93
420.97
424.00
421.73
419.47
417.20
414.93
412.67
410.40
408.13
405.87
403.60
401.33
399.07
396.80
394.53
392.27
390.00
387.73
385.47
383.20
380.93
378.67
376.40
374.13
371.87
369.60
367.33
365.07
362.80
360.53
358.27
356.00
353.73
351.47
349.20
346.93
344.67
342.40
340.13
337.87
335.60
333.33
331.07
328.80
326.53
324.27
322.00
319.73
317.47
315.20
312.93
310.67
308.40
306.13
303.87
301.60
299.33
297.07
294.80
292.53
290.27
288.00
288.32
288.63
288.95
289.27
289.58
289.90
290.22
290.53
290.85
291.17
291.48
291.80
292.12
292.43
292.75
293.07
293.38
293.70
294.02
294.33
294.65
294.97
295.28
295.60
295.92
296.23
296.55
296.87
297.18
297.50
297.82
298.13
298.45
298.77
299.08
299.40
299.72
300.03
300.35
300.67
300.98
301.30
301.62
301.93
302.25
302.57
302.88
303.20
303.52
303.83
304.15
304.47
304.78
305.10
305.42
305.73
306.05
306.37
306.68
307.00
301.88
296.77
291.65
286.53
281.42
276.30
271.18
266.07
260.95
255.83
250.72
245.60
240.48
235.37
230.25
225.13
220.02
214.90
209.78
204.67
199.55
194.43
189.32
184.20
179.08
173.97
168.85
163.73
158.62
153.50
148.38
143.27
138.15
133.03
127.92
122.80
117.68
112.57
107.45
102.33
97.22
92.10
86.98
81.87
76.75
71.63
66.52
61.40
56.28
51.17
46.05
40.93
35.82
30.70
25.58
20.47
15.35
10.23
5.12
0.00
0.00
0.00
0.00
0.00
0.00
0.00
0.00
0.00
0.00
0.00
0.00
0.00
0.00
0.00
0.00
0.00
0.00
0.00
0.00
0.00
0.00
0.00
0.00
0.00
0.00
0.00
0.00
0.00
0.00
0.00
0.00
0.00
0.00
0.00
0.00
0.00
0.00
0.00
0.00
0.00
0.00
0.00
0.00
0.00
0.00
0.00
0.00
0.00
0.00
0.00
0.00
0.00
0.00
0.00
0.00
0.00
0.00
0.00
0.00
0.00
0.00
0.00
0.00
0.00
0.00
0.00
0.00
0.00
0.00
0.00
0.00
0.00
0.00
0.00
0.00
0.00
0.00
0.00
0.00
0.00
0.00
0.00
0.00
0.00
0.00
0.00
0.00
0.00
0.00
0.00
0.00
0.00
0.00
0.00
0.00
0.00
0.00
0.00
0.00
0.00
0.00
0.00
0.00
0.00
0.00
0.00
0.00
0.00
0.00
0.00
0.00
0.00
0.00
0.00
0.00
0.00
0.00
0.00
0.00
0.00
0.00
0.00
0.00
0.00
0.00
0.00
0.00
0.00
0.00
0.00
0.00
0.00
0.00
0.00
0.00
0.00
0.00
0.00
0.00
0.00
0.00
0.00
0.00
0.00
0.00
0.00
0.00
0.00
0.00
0.00
0.00
0.00
0.00
0.00
0.00
0.00
0.00
0.00
0.00
0.00
0.00
0.00
0.00
0.00
0.00
0.00
0.00
0.00
0.00
0.00
0.00
0.00
0.00
0.00
0.00
0.00
0.00
0.00
0.00
0.00
0.00
0.00
0.00
0.00
0.00
0.00
0.00
0.00
0.00
0.00
0.00
0.00
0.00
0.00
0.00
0.00
0.00
0.00
0.00
0.00
0.00
0.00
0.00
0.00
0.00
0.00
0.00
0.00
0.00
0.00
0.00
0.00
0.00
0.00
0.00
0.00
0.00
0.00
0.00
0.00
0.00
0.00
0.00
0.00
0.00
0.00
0.00
0.00
0.00
0.00
0.00
0.00
0.00
0.00
0.00
0.00
0.00
0.00
0.00
0.00
0.00
0.00
0.00
0.00
0.00
0.00
0.00
0.00
0.00
0.00
0.00
0.00
0.00
0.00
0.00
0.00
0.00
0.00
0.00
0.00
0.00
0.00
0.00
0.00
0.00
0.00
0.00
0.00
0.00
0.00
0.00
0.00
0.00
0.00
0.00
0.00
0.00
0.00
0.00
0.00
0.00
0.00
0.00
0.00
0.00
0.00
0.00
0.00
0.00
0.00
0.00
0.00
0.00
0.00
0.00
0.00
0.00
0.00
0.00
0.00
0.00
0.00
0.00
0.00
0.00
0.00
0.00
0.00
0.00
0.00
0.00
0.00
0.00
0.00
0.00
0.00
0.00
0.00
0.00
0.00
0.00
0.00
0.00
0.00
0.00
0.00
0.00
0.00
0.00
0.00
0.00
0.00
0.00
0.00
0.00
0.00
0.00
0.00
0.00
0.00
0.00
0.00
0.00
0.00
0.00
0.00
0.00
0.00
0.00
0.00
0.00
0.00
0.00
0.00
0.00
0.00
0.00
0.00
0.00
0.00
0.00
0.00
0.00
0.00
0.00
0.00
0.00
0.00
0.00
0.00
0.00
0.00
0.00
0.00
0.00
0.00
0.00
0.00
0.00
0.00
0.00
0.00
0.00
0.00
0.00
0.00
0.00
0.00
0.00
0.00
0.00
0.00
0.00
0.00
0.00
0.00
0.00
0.00
0.00
0.00
0.00
0.00
0.00
0.00
0.00
0.00
0.00
0.00
0.00
0.00
0.00
0.00
0.00
0.00
0.00
0.00
0.00
0.00
0.00
0.00
0.00
0.00
0.00
0.00
0.00
0.00
0.00
0.00
0.00
0.00
0.00
0.00
0.00
0.00
0.00
0.00
0.00
0.00
0.00
0.00
0.00
0.00
0.00
0.00
0.00
0.00
0.00
0.00
0.00
0.00
0.00
0.00
0.00
0.00
0.00
0.00
0.00
0.00
0.00
0.00
0.00
0.00
0.00
0.00
0.00
0.00
0.00
0.00
0.00
0.00
0.00
0.00
0.00
0.00
0.00
0.00
0.00
0.00
0.00
0.00
0.00
0.00
0.00
0.00
0.00
0.00
0.00
0.00
0.00
0.00
0.00
0.00
0.00
0.00
0.00
0.00
0.00
0.00
0.00
0.00
0.00
0.00
0.00
0.00
0.00
0.00
0.00
0.00
0.00
0.00
0.00
0.00
0.00
0.00
0.00
0.00
0.00
0.00
0.00
0.00
0.00
0.00
0.00
0.00
0.00
0.00
0.00
0.00
0.00
0.00
0.00
0.00
0.00
0.00
0.00
0.00
0.00
0.00
0.00
0.00
0.00
0.00
0.00
0.00
0.00
0.00
0.00
0.00
0.00
0.00
0.00
0.00
0.00
0.00
0.00
0.00
0.00
0.00
0.00
0.00
0.00
0.00
0.00
0.00
0.00
0.00
0.00
0.00
0.00
0.00
0.00
0.00
0.00
0.00
0.00
0.00
0.00
0.00
0.00
0.00
0.00
0.00
0.00
0.00
0.00
0.00
0.00
0.00
0.00
0.00
0.00
0.00
0.00
0.00
0.00
0.00
0.00
0.00
0.00
0.00
0.00
0.00
0.00
0.00
0.00
0.00
0.00
0.00
0.00
0.00
0.00
0.00
0.00
0.00
0.00
0.00
0.00
0.00
0.00
0.00
0.00
0.00
0.00
0.00
0.00
0.00
0.00
0.00
0.00
0.00
0.00
0.00
0.00
0.00
0.00
0.00
0.00
0.00
0.00
0.00
0.00
0.00
0.00
0.00
0.00
0.00
0.00
0.00
0.00
0.00
0.00
0.00
0.00
0.00
0.00
0.00
0.00
0.00
0.00
0.00
0.00
0.00
0.00
0.00
0.00
0.00
0.00
0.00
0.00
0.00
0.00
0.00
0.00
0.00
0.00
0.00
0.00
0.00
0.00
0.00
0.00
0.00
0.00
0.00
0.00
0.00
0.00
0.00
0.00
0.00
0.00
0.00
0.00
0.00
0.00
0.00
0.00
0.00
0.00
0.00
0.00
0.00
0.00
0.00
0.00
0.00
0.00
0.00
0.00
0.00
0.00
0.00
0.00
0.00
0.00
0.00
0.00
0.00
0.00
0.00
0.00
0.00
0.00
0.00
0.00
0.00
0.00
0.00
0.00
0.00
0.00
0.00
0.00
0.00
0.00
0.00
0.00
0.00
0.00
0.00
0.00
0.00
0.00
0.00
0.00
0.00
0.00
0.00
0.00
0.00
0.00
0.00
0.00
0.00
0.00
0.00
0.00
0.00
0.00
0.00
0.00
0.00
0.00
0.00
0.00
0.00
0.00
0.00
0.00
0.00
0.00
0.00
0.00
0.00
0.00
0.00
0.00
0.00
0.00
0.00
0.00
0.00
0.00
0.00
0.00
0.00
0.00
0.00
0.00
0.00
0.00
0.00
0.00
0.00
0.00
0.00
0.00
0.00
0.00
0.00
0.00
0.00
0.00
0.00
0.00
0.00
0.00
0.00
0.00
0.00
0.00
0.00
0.00
0.00
0.00
0.00
0.00
0.00
0.00
0.00
0.00
0.00
0.00
0.00
0.00
0.00
0.00
0.00
0.00
0.00
0.00
0.00
0.00
0.00
0.00
0.00
0.00
0.00
0.00
0.00
0.00
0.00
0.00
0.00
0.00
0.00
0.00
0.00
0.00
0.00
0.00
0.00
0.00
0.00
0.00
0.00
0.00
0.00
0.00
0.00
0.00
0.00
0.00
0.00
0.00
0.00
0.00
0.00
0.00
0.00
0.00
0.00
0.00
0.00
0.00
0.00
0.00
0.00
0.00
0.00
0.00
0.00
0.00
0.00
0.00
0.00
0.00
0.00
0.00
0.00
0.00
0.00
0.00
0.00
0.00
0.00
0.00
0.00
0.00
0.00
0.00
0.00
0.00
0.00
0.00
0.00
0.00
0.00
0.00
0.00
0.00
0.00
0.00
0.00
0.00
0.00
0.00
0.00
0.00
0.00
0.00
0.00
0.00
0.00
0.00
0.00
0.00
0.00
0.00
0.00
0.00
0.00
0.00
0.00
0.00
0.00
0.00
0.00
0.00
0.00
0.00
0.00
0.00
0.00
0.00
0.00
0.00
0.00
0.00
0.00
0.00
0.00
0.00
0.00
0.00
0.00
0.00
0.00
0.00
0.00
1.52
3.03
4.55
6.07
7.58
9.10
10.62
12.13
13.65
15.17
16.68
18.20
19.72
21.23
22.75
24.27
25.78
27.30
28.82
30.33
31.85
33.37
34.88
36.40
37.92
39.43
40.95
42.47
43.98
45.50
47.02
48.53
50.05
51.57
53.08
54.60
56.12
57.63
59.15
60.67
62.18
63.70
65.22
66.73
68.25
69.77
71.28
72.80
74.32
75.83
77.35
78.87
80.38
81.90
83.42
84.93
86.45
87.97
89.48
91.00
89.73
88.47
87.20
85.93
84.67
83.40
82.13
80.87
79.60
78.33
77.07
75.80
74.53
73.27
72.00
70.73
69.47
68.20
66.93
65.67
64.40
63.13
61.87
60.60
59.33
58.07
56.80
55.53
54.27
53.00
51.73
50.47
49.20
47.93
46.67
45.40
44.13
42.87
41.60
40.33
39.07
37.80
36.53
35.27
34.00
32.73
31.47
30.20
28.93
27.67
26.40
25.13
23.87
22.60
21.33
20.07
18.80
17.53
16.27
15.00
16.88
18.77
20.65
22.53
24.42
26.30
28.18
30.07
31.95
33.83
35.72
37.60
39.48
41.37
43.25
45.13
47.02
48.90
50.78
52.67
54.55
56.43
58.32
60.20
62.08
63.97
65.85
67.73
69.62
71.50
73.38
75.27
77.15
79.03
80.92
82.80
84.68
86.57
88.45
90.33
92.22
94.10
95.98
97.87
99.75
101.63
103.52
105.40
107.28
109.17
111.05
112.93
114.82
116.70
118.58
120.47
122.35
124.23
126.12
128.00
132.02
136.03
140.05
144.07
148.08
152.10
156.12
160.13
164.15
168.17
172.18
176.20
180.22
184.23
188.25
192.27
196.28
200.30
204.32
208.33
212.35
216.37
220.38
224.40
228.42
232.43
236.45
240.47
244.48
248.50
252.52
256.53
260.55
264.57
268.58
272.60
276.62
280.63
284.65
288.67
292.68
296.70
300.72
304.73
308.75
312.77
316.78
320.80
324.82
328.83
332.85
336.87
340.88
344.90
348.92
352.93
356.95
360.97
364.98
369.00
373.68
378.37
383.05
387.73
392.42
397.10
401.78
406.47
411.15
415.83
420.52
425.20
429.88
434.57
439.25
443.93
448.62
453.30
457.98
462.67
467.35
472.03
476.72
481.40
486.08
490.77
495.45
500.13
504.82
509.50
514.18
518.87
523.55
528.23
532.92
537.60
542.28
546.97
551.65
556.33
561.02
565.70
570.38
575.07
579.75
584.43
589.12
593.80
598.48
603.17
607.85
612.53
617.22
621.90
626.58
631.27
635.95
640.63
645.32
650.00
648.65
647.30
645.95
644.60
643.25
641.90
640.55
639.20
637.85
636.50
635.15
633.80
632.45
631.10
629.75
628.40
627.05
625.70
624.35
623.00
621.65
620.30
618.95
617.60
616.25
614.90
613.55
612.20
610.85
609.50
608.15
606.80
605.45
604.10
602.75
601.40
600.05
598.70
597.35
596.00
594.65
593.30
591.95
590.60
589.25
587.90
586.55
585.20
583.85
582.50
581.15
579.80
578.45
577.10
575.75
574.40
573.05
571.70
570.35
569.00
562.25
555.50
548.75
542.00
535.25
528.50
521.75
515.00
508.25
501.50
494.75
488.00
481.25
474.50
467.75
461.00
454.25
447.50
440.75
434.00
427.25
420.50
413.75
407.00
400.25
393.50
386.75
380.00
373.25
366.50
359.75
353.00
346.25
339.50
332.75
326.00
319.25
312.50
305.75
299.00
292.25
285.50
278.75
272.00
265.25
258.50
251.75
245.00
238.25
231.50
224.75
218.00
211.25
204.50
197.75
191.00
184.25
177.50
170.75
164.00
161.27
158.53
155.80
153.07
150.33
147.60
144.87
142.13
139.40
136.67
133.93
131.20
128.47
125.73
123.00
120.27
117.53
114.80
112.07
109.33
106.60
103.87
101.13
98.40
95.67
92.93
90.20
87.47
84.73
82.00
79.27
76.53
73.80
71.07
68.33
65.60
62.87
60.13
57.40
54.67
51.93
49.20
46.47
43.73
41.00
38.27
35.53
32.80
30.07
27.33
24.60
21.87
19.13
16.40
13.67
10.93
8.20
5.47
2.73
0.00
0.00
0.00
0.00
0.00
0.00
0.00
0.00
0.00
0.00
0.00
0.00
0.00
0.00
0.00
0.00
0.00
0.00
0.00
0.00
0.00
0.00
0.00
0.00
0.00
0.00
0.00
0.00
0.00
0.00
0.00
0.00
0.00
0.00
0.00
0.00
0.00
0.00
0.00
0.00
0.00
0.00
0.00
0.00
0.00
0.00
0.00
0.00
0.00
0.00
0.00
0.00
0.00
0.00
0.00
0.00
0.00
0.00
0.00
0.00
0.00
0.00
0.00
0.00
0.00
0.00
0.00
0.00
0.00
0.00
0.00
0.00
0.00
0.00
0.00
0.00
0.00
0.00
0.00
0.00
0.00
0.00
0.00
0.00
0.00
0.00
0.00
0.00
0.00
0.00
0.00
0.00
0.00
0.00
0.00
0.00
0.00
0.00
0.00
0.00
0.00
0.00
0.00
0.00
0.00
0.00
0.00
0.00
0.00
0.00
0.00
0.00
0.00
0.00
0.00
0.00
0.00
0.00
0.00
0.00
0.00
0.00
0.00
0.00
0.00
0.00
0.00
0.00
0.00
0.00
0.00
0.00
0.00
0.00
0.00
0.00
0.00
0.00
0.00
0.00
0.00
0.00
0.00
0.00
0.00
0.00
0.00
0.00
0.00
0.00
0.00
0.00
0.00
0.00
0.00
0.00
0.00
0.00
0.00
0.00
0.00
0.00
0.00
0.00
0.00
0.00
0.00
0.00
0.00
0.00
0.00
0.00
0.00
0.00
0.00
0.00
0.00
0.00
0.00
0.00
0.00
0.00
0.00
0.00
0.00
0.00
0.00
0.00
0.00
0.00
0.00
0.00
0.00
0.00
0.00
0.00
0.00
0.00
0.00
0.00
0.00
0.00
0.00
0.00
0.00
0.00
0.00
0.00
0.00
0.00
0.00
0.00
0.00
0.00
0.00
0.00
0.00
0.00
0.00
0.00
0.00
0.00
0.00
0.00
0.00
0.00
0.00
0.00
0.00
0.00
0.00
0.00
0.00
0.00
0.00
0.00
0.00
0.00
0.00
0.00
0.00
0.00
0.00
0.00
0.00
0.00
0.00
0.00
0.00
0.00
0.00
0.00
0.00
0.00
0.00
0.00
0.00
0.00
0.00
0.00
0.00
0.00
0.00
0.00
0.00
0.00
0.00
0.00
0.00
0.00
0.00
0.00
0.00
0.00
0.00
0.00
0.00
0.00
0.00
0.00
0.00
0.00
0.00
0.00
0.00
0.00
0.00
0.00
0.00
0.00
0.00
0.00
0.00
0.00
0.00
0.00
0.00
0.00
0.00
0.00
0.00
0.00
0.00
0.00
0.00
0.00
0.00
0.00
0.00
0.00
0.00
0.00
0.00
0.00
0.00
0.00
0.00
0.00
0.00
0.00
0.00
0.00
0.00
0.00
0.00
0.00
0.00
0.00
0.00
0.00
0.00
0.00
0.00
0.00
0.00
0.00
0.00
0.00
0.00
0.00
0.00
0.00
0.00
0.00
0.00
0.00
0.00
0.00
0.00
0.00
0.00
0.00
0.00
0.00
0.00
0.00
0.00
0.00
0.00
0.00
0.00
0.00
0.00
0.00
0.00
0.00
0.00
0.00
0.00
0.00
0.00
0.00
0.00
0.00
0.00
0.00
0.00
0.00
0.00
0.00
0.00
0.00
0.00
0.00
0.00
0.00
0.00
0.00
0.00
0.00
0.00
0.00
0.00
0.00
0.00
0.00
0.00
0.00
0.00
0.00
0.00
0.00
0.00
0.00
0.00
0.00
0.00
0.00
0.00
0.00
0.00
0.00
0.00
0.00
0.00
0.00
0.00
0.00
0.00
0.00
0.00
0.00
0.00
0.00
0.00
0.00
0.00
0.00
0.00
0.00
0.00
0.00
0.00
0.00
0.00
0.00
0.00
0.00
0.00
0.00
0.00
0.00
0.00
0.00
0.00
0.00
0.00
0.00
0.00
0.00
0.00
0.00
0.00
0.00
0.00
0.00
0.00
0.00
0.00
0.00
0.00
0.00
0.00
0.00
0.00
0.00
0.00
0.00
0.00
0.00
0.00
0.00
0.00
0.00
0.00
0.00
0.00
0.00
0.00
0.00
0.00
0.00
0.00
0.00
0.00
0.00
0.00
0.00
0.00
0.00
0.00
0.00
0.00
0.00
0.00
0.00
0.00
0.00
0.00
0.00
0.00
0.00
0.00
0.00
0.00
0.00
0.00
0.00
0.00
0.00
0.00
0.00
0.00
0.00
0.00
0.00
0.00
0.00
0.00
0.00
0.00
0.00
0.00
0.00
0.00
0.00
0.00
0.00
0.00
0.00
0.00
0.00
0.00
0.00
0.00
0.00
0.00
0.00
0.00
0.00
0.00
0.00
0.00
0.00
0.00
0.00
0.00
0.00
0.00
0.00
0.00
0.00
0.00
0.00
0.00
0.00
0.00
0.00
0.00
0.00
0.00
0.00
0.00
0.00
0.00
0.00
0.00
0.00
0.00
0.00
0.00
0.00
0.00
0.00
0.00
0.00
0.00
0.00
0.00
0.00
0.00
0.00
0.00
0.00
0.00
0.00
0.00
0.00
0.00
0.00
0.00
0.00
0.00
0.00
0.00
0.00
0.00
0.00
0.00
0.00
0.00
0.00
0.00
0.00
0.00
0.00
0.00
0.00
0.00
0.00
0.00
0.00
0.00
0.00
0.00
0.00
0.00
0.00
0.00
0.00
0.00
0.00
0.00
0.00
0.00
0.00
0.00
0.00
0.00
0.00
0.00
0.00
0.00
0.00
0.00
0.00
0.00
0.00
0.00
0.00
0.00
0.00
0.00
0.00
0.00
0.00
0.00
0.00
0.00
0.00
0.00
0.00
0.00
0.00
0.00
0.00
0.00
0.00
0.00
0.00
0.00
0.00
0.00
0.00
0.00
0.00
0.00
0.00
0.00
0.00
0.00
0.00
0.00
0.00
0.00
0.00
0.00
0.00
0.00
0.00
0.00
0.00
0.00
0.00
0.00
0.00
0.00
0.00
0.00
0.00
0.00
0.00
0.00
0.00
0.00
0.00
0.00
0.00
0.00
0.00
0.00
0.00
0.00
0.00
0.00
0.00
0.00
0.00
0.00
0.00
0.00
0.00
0.00
0.00
0.00
0.00
0.00
0.00
0.00
0.00
0.00
0.00
0.00
0.00
0.00
0.00
0.00
0.00
0.00
0.00
0.00
0.00
0.00
0.00
0.00
0.00
0.00
0.00
0.00
0.00
0.00
0.00
0.00
0.00
0.00
0.00
0.00
0.00
0.00
0.00
0.00
0.00
0.00
0.00
0.00
0.00
0.00
0.00
0.00
0.00
0.00
0.00
0.00
0.00
0.00
0.00
0.00
0.00
0.00
0.00
0.00
0.00
0.00
0.00
0.00
0.00
0.00
0.00
0.00
0.00
0.00
0.00
0.00
0.00
0.00
0.00
0.00
0.00
0.00
0.00
0.00
0.00
0.00
0.00
0.00
0.00
0.00
0.00
0.00
0.00
0.00
0.00
0.00
0.00
0.00
0.00
0.00
0.00
0.00
0.00
0.00
0.00
0.00
0.00
0.00
0.00
0.00
0.00
0.00
0.00
0.00
0.00
0.00
0.00
0.00
0.00
0.00
0.00
0.00
0.00
0.00
0.00
0.00
0.00
0.00
0.00
0.00
0.00
0.00
0.00
0.00
0.00
0.00
0.00
0.00
0.00
0.00
0.00
0.00
0.00
0.00
0.00
0.00
0.00
0.00
0.00
0.00
0.00
0.00
0.00
0.00
0.00
0.00
0.00
0.00
0.00
0.00
0.00
0.00
0.00
0.00
0.00
0.00
0.00
0.00
0.00
0.00
0.00
0.00
0.00
0.00
0.00
0.00
0.00
0.00
0.00
0.00
0.00
0.00
0.00
0.00
0.00
0.00
0.00
0.00
0.00
0.00
0.00
0.00
0.00
0.00
0.00
0.00
0.00
0.00
0.00
0.00
0.00
0.00
0.00
0.00
0.00
0.00
0.00
0.00
0.00
0.00
0.00
0.00
0.00
0.00
0.00
0.00
0.00
0.00
0.00
0.00
0.00
0.00
0.00
0.00
0.00
0.00
0.00
0.00
0.00
0.00
0.00
0.00
0.00
0.00
0.00
0.00
0.00
0.00
0.00
0.00
0.00
0.00
0.00
0.00
0.00
0.00
0.00
0.00
0.00
0.00
0.00
0.00
0.00
0.00
3.45
6.90
10.35
13.80
17.25
20.70
24.15
27.60
31.05
34.50
37.95
41.40
44.85
48.30
51.75
55.20
58.65
62.10
65.55
69.00
72.45
75.90
79.35
82.80
86.25
89.70
93.15
96.60
100.05
103.50
106.95
110.40
113.85
117.30
120.75
124.20
127.65
131.10
134.55
138.00
141.45
144.90
148.35
151.80
155.25
158.70
162.15
165.60
169.05
172.50
175.95
179.40
182.85
186.30
189.75
193.20
196.65
200.10
203.55
207.00
211.78
216.57
221.35
226.13
230.92
235.70
240.48
245.27
250.05
254.83
259.62
264.40
269.18
273.97
278.75
283.53
288.32
293.10
297.88
302.67
307.45
312.23
317.02
321.80
326.58
331.37
336.15
340.93
345.72
350.50
355.28
360.07
364.85
369.63
374.42
379.20
383.98
388.77
393.55
398.33
403.12
407.90
412.68
417.47
422.25
427.03
431.82
436.60
441.38
446.17
450.95
455.73
460.52
465.30
470.08
474.87
479.65
484.43
489.22
494.00
496.20
498.40
500.60
502.80
505.00
507.20
509.40
511.60
513.80
516.00
518.20
520.40
522.60
524.80
527.00
529.20
531.40
533.60
535.80
538.00
540.20
542.40
544.60
546.80
549.00
551.20
553.40
555.60
557.80
560.00
562.20
564.40
566.60
568.80
571.00
573.20
575.40
577.60
579.80
582.00
584.20
586.40
588.60
590.80
593.00
595.20
597.40
599.60
601.80
604.00
606.20
608.40
610.60
612.80
615.00
617.20
619.40
621.60
623.80
626.00
626.37
626.73
627.10
627.47
627.83
628.20
628.57
628.93
629.30
629.67
630.03
630.40
630.77
631.13
631.50
631.87
632.23
632.60
632.97
633.33
633.70
634.07
634.43
634.80
635.17
635.53
635.90
636.27
636.63
637.00
637.37
637.73
638.10
638.47
638.83
639.20
639.57
639.93
640.30
640.67
641.03
641.40
641.77
642.13
642.50
642.87
643.23
643.60
643.97
644.33
644.70
645.07
645.43
645.80
646.17
646.53
646.90
647.27
647.63
648.00
645.10
642.20
639.30
636.40
633.50
630.60
627.70
624.80
621.90
619.00
616.10
613.20
610.30
607.40
604.50
601.60
598.70
595.80
592.90
590.00
587.10
584.20
581.30
578.40
575.50
572.60
569.70
566.80
563.90
561.00
558.10
555.20
552.30
549.40
546.50
543.60
540.70
537.80
534.90
532.00
529.10
526.20
523.30
520.40
517.50
514.60
511.70
508.80
505.90
503.00
500.10
497.20
494.30
491.40
488.50
485.60
482.70
479.80
476.90
474.00
470.27
466.53
462.80
459.07
455.33
451.60
447.87
444.13
440.40
436.67
432.93
429.20
425.47
421.73
418.00
414.27
410.53
406.80
403.07
399.33
395.60
391.87
388.13
384.40
380.67
376.93
373.20
369.47
365.73
362.00
358.27
354.53
350.80
347.07
343.33
339.60
335.87
332.13
328.40
324.67
320.93
317.20
313.47
309.73
306.00
302.27
298.53
294.80
291.07
287.33
283.60
279.87
276.13
272.40
268.67
264.93
261.20
257.47
253.73
250.00
248.82
247.63
246.45
245.27
244.08
242.90
241.72
240.53
239.35
238.17
236.98
235.80
234.62
233.43
232.25
231.07
229.88
228.70
227.52
226.33
225.15
223.97
222.78
221.60
220.42
219.23
218.05
216.87
215.68
214.50
213.32
212.13
210.95
209.77
208.58
207.40
206.22
205.03
203.85
202.67
201.48
200.30
199.12
197.93
196.75
195.57
194.38
193.20
192.02
190.83
189.65
188.47
187.28
186.10
184.92
183.73
182.55
181.37
180.18
179.00
177.58
176.17
174.75
173.33
171.92
170.50
169.08
167.67
166.25
164.83
163.42
162.00
160.58
159.17
157.75
156.33
154.92
153.50
152.08
150.67
149.25
147.83
146.42
145.00
143.58
142.17
140.75
139.33
137.92
136.50
135.08
133.67
132.25
130.83
129.42
128.00
126.58
125.17
123.75
122.33
120.92
119.50
118.08
116.67
115.25
113.83
112.42
111.00
109.58
108.17
106.75
105.33
103.92
102.50
101.08
99.67
98.25
96.83
95.42
94.00
92.43
90.87
89.30
87.73
86.17
84.60
83.03
81.47
79.90
78.33
76.77
75.20
73.63
72.07
70.50
68.93
67.37
65.80
64.23
62.67
61.10
59.53
57.97
56.40
54.83
53.27
51.70
50.13
48.57
47.00
45.43
43.87
42.30
40.73
39.17
37.60
36.03
34.47
32.90
31.33
29.77
28.20
26.63
25.07
23.50
21.93
20.37
18.80
17.23
15.67
14.10
12.53
10.97
9.40
7.83
6.27
4.70
3.13
1.57
0.00
0.00
0.00
0.00
0.00
0.00
0.00
0.00
0.00
0.00
0.00
0.00
0.00
0.00
0.00
0.00
0.00
0.00
0.00
0.00
0.00
0.00
0.00
0.00
0.00
0.00
0.00
0.00
0.00
0.00
0.00
0.00
0.00
0.00
0.00
0.00
0.00
0.00
0.00
0.00
0.00
0.00
0.00
0.00
0.00
0.00
0.00
0.00
0.00
0.00
0.00
0.00
0.00
0.00
0.00
0.00
0.00
0.00
0.00
0.00
0.00
0.00
0.00
0.00
0.00
0.00
0.00
0.00
0.00
0.00
0.00
0.00
0.00
0.00
0.00
0.00
0.00
0.00
0.00
0.00
0.00
0.00
0.00
0.00
0.00
0.00
0.00
0.00
0.00
0.00
0.00
0.00
0.00
0.00
0.00
0.00
0.00
0.00
0.00
0.00
0.00
0.00
0.00
0.00
0.00
0.00
0.00
0.00
0.00
0.00
0.00
0.00
0.00
0.00
0.00
0.00
0.00
0.00
0.00
0.00
0.00
0.00
0.00
0.00
0.00
0.00
0.00
0.00
0.00
0.00
0.00
0.00
0.00
0.00
0.00
0.00
0.00
0.00
0.00
0.00
0.00
0.00
0.00
0.00
0.00
0.00
0.00
0.00
0.00
0.00
0.00
0.00
0.00
0.00
0.00
0.00
0.00
0.00
0.00
0.00
0.00
0.00
0.00
0.00
0.00
0.00
0.00
0.00
0.00
0.00
0.00
0.00
0.00
0.00
0.00
0.00
0.00
0.00
0.00
0.00
0.00
0.00
0.00
0.00
0.00
0.00
0.00
0.00
0.00
0.00
0.00
0.00
0.00
0.00
0.00
0.00
0.00
0.00
0.00
0.00
0.00
0.00
0.00
0.00
0.00
0.00
0.00
0.00
0.00
0.00
0.00
0.00
0.00
0.00
0.00
0.00
0.00
0.00
0.00
0.00
0.00
0.00
0.00
0.00
0.00
0.00
0.00
0.00
0.00
0.00
0.00
0.00
0.00
0.00
0.00
0.00
0.00
0.00
0.00
0.00
0.00
0.00
0.00
0.00
0.00
0.00
0.00
0.00
0.00
0.00
0.00
0.00
0.00
0.00
0.00
0.00
0.00
0.00
0.00
0.00
0.00
0.00
0.00
0.00
0.00
0.00
0.00
0.00
0.00
0.00
0.00
0.00
0.00
0.00
0.00
0.00
0.00
0.00
0.00
0.00
0.00
0.00
0.00
0.00
0.00
0.00
0.00
0.00
0.00
0.00
0.00
0.00
0.00
0.00
0.00
0.00
0.00
0.00
0.00
0.00
0.00
0.00
0.00
0.00
0.00
0.00
0.00
0.00
0.00
0.00
0.00
0.00
0.00
0.00
0.00
0.00
0.00
0.00
0.00
0.00
0.00
0.00
0.00
0.00
0.00
0.00
0.00
0.00
0.00
0.00
0.00
0.00
0.00
0.00
0.00
0.00
0.00
0.00
0.00
0.00
0.00
0.00
0.00
0.00
0.00
0.00
0.00
0.00
0.00
0.00
0.00
0.00
0.00
0.00
0.00
0.00
0.00
0.00
0.00
0.00
0.00
0.00
0.00
0.00
0.00
0.00
0.00
0.00
0.00
0.00
0.00
0.00
0.00
0.00
0.00
0.00
0.00
0.00
0.00
0.00
0.00
0.00
0.00
0.00
0.00
0.00
0.00
0.00
0.00
0.00
0.00
0.00
0.00
0.00
0.00
0.00
0.00
0.00
0.00
0.00
0.00
0.00
0.00
0.00
0.00
0.00
0.00
0.00
0.00
0.00
0.00
0.00
0.00
0.00
0.00
0.00
0.00
0.00
0.00
0.00
0.00
0.00
0.00
0.00
0.00
0.00
0.00
0.00
0.00
0.00
0.00
0.00
0.00
0.00
0.00
0.00
0.00
0.00
0.00
0.00
0.00
0.00
0.00
0.00
0.00
0.00
0.00
0.00
0.00
0.00
0.00
0.00
0.00
0.00
0.00
0.00
0.00
0.00
0.00
0.00
0.00
0.00
0.00
0.00
0.00
0.00
0.00
0.00
0.00
0.00
0.00
0.00
0.00
0.00
0.00
0.00
0.00
0.00
0.00
0.00
0.00
0.00
0.00
0.00
0.00
0.00
0.00
0.00
0.00
0.00
0.00
0.00
0.00
0.00
0.00
0.00
0.00
0.00
0.00
0.00
0.00
0.00
0.00
0.00
0.00
0.00
0.00
0.00
0.00
0.00
0.00
0.00
0.00
0.00
0.00
0.00
0.00
0.00
0.00
0.00
0.00
0.00
0.00
0.00
0.00
0.00
0.00
0.00
0.00
0.00
0.00
0.00
0.00
0.00
0.00
0.00
0.00
0.00
0.00
0.00
0.00
0.00
0.00
0.00
0.00
0.00
0.00
0.00
0.00
0.00
0.00
0.00
0.00
0.00
0.00
0.00
0.00
0.00
0.00
0.00
0.00
0.00
0.00
0.00
0.00
0.00
0.00
0.00
0.00
0.00
0.00
0.00
0.00
0.00
0.00
0.00
0.00
0.00
0.00
0.00
0.00
0.00
0.00
0.00
0.00
0.00
0.00
0.00
0.00
0.00
0.00
0.00
0.00
0.00
0.00
0.00
0.00
0.00
0.00
0.00
0.00
0.00
0.00
0.00
0.00
0.00
0.00
0.00
0.00
0.00
0.00
0.00
0.00
0.00
0.00
0.00
0.00
0.00
0.00
0.00
0.00
0.00
0.00
0.00
0.00
0.00
0.00
0.00
0.00
0.00
0.00
0.00
0.00
0.00
0.00
0.00
0.00
0.00
0.00
0.00
0.00
0.00
0.00
0.00
0.00
0.00
0.00
0.00
0.00
0.00
0.00
0.00
0.00
0.00
0.00
0.00
0.00
0.00
0.00
0.00
0.00
0.00
0.00
0.00
0.00
0.00
0.00
0.00
0.00
0.00
0.00
0.00
0.00
0.00
0.00
0.00
0.00
0.00
0.00
0.00
0.00
0.00
0.00
0.00
0.00
0.00
0.00
0.00
0.00
0.00
0.00
0.00
0.00
0.00
0.00
0.00
0.00
0.00
0.00
0.00
0.00
0.00
0.00
0.00
0.00
0.00
0.00
0.00
0.00
0.00
0.00
0.00
0.00
0.00
0.00
0.00
0.00
0.00
0.00
0.00
0.00
0.00
0.00
0.00
0.00
0.00
0.00
0.00
0.00
0.00
0.00
0.00
0.00
0.00
0.00
0.00
0.00
0.00
0.00
0.00
0.00
0.00
0.00
0.00
0.00
0.00
0.00
0.00
0.00
0.00
0.00
0.00
0.00
0.00
0.00
0.00
0.00
0.00
0.00
0.00
0.00
0.00
0.00
0.00
0.00
0.00
0.00
0.00
0.00
0.00
0.00
0.00
0.00
0.00
0.00
0.00
0.00
0.00
0.00
0.00
0.00
0.00
0.00
0.00
0.00
0.00
0.00
0.00
0.00
0.00
0.00
0.00
0.00
0.00
0.00
0.00
0.00
0.00
0.00
0.00
0.00
0.00
0.00
0.00
0.00
0.00
0.00
0.00
0.00
0.00
0.00
0.00
0.00
0.00
0.00
0.00
0.00
0.00
0.00
0.00
0.00
0.00
0.00
0.00
0.00
0.00
0.00
0.00
0.00
0.00
0.00
0.00
0.00
0.00
0.00
0.00
0.00
0.00
0.00
0.00
0.00
0.00
0.00
0.00
0.00
0.00
0.00
0.00
0.00
0.00
0.00
0.00
0.00
0.00
0.00
0.00
0.00
0.00
0.00
0.00
0.00
0.00
0.00
0.00
0.00
0.00
0.00
0.00
0.00
0.00
0.00
0.00
0.00
0.00
0.00
0.00
0.00
0.00
0.00
0.00
0.00
0.00
0.00
0.00
0.00
0.00
0.00
0.00
0.00
0.00
0.00
0.00
0.00
0.00
0.00
0.00
0.00
0.00
0.00
0.00
0.00
3.43
6.87
10.30
13.73
17.17
20.60
24.03
27.47
30.90
34.33
37.77
41.20
44.63
48.07
51.50
54.93
58.37
61.80
65.23
68.67
72.10
75.53
78.97
82.40
85.83
89.27
92.70
96.13
99.57
103.00
106.43
109.87
113.30
116.73
120.17
123.60
127.03
130.47
133.90
137.33
140.77
144.20
147.63
151.07
154.50
157.93
161.37
164.80
168.23
171.67
175.10
178.53
181.97
185.40
188.83
192.27
195.70
199.13
202.57
206.00
209.18
212.37
215.55
218.73
221.92
225.10
228.28
231.47
234.65
237.83
241.02
244.20
247.38
250.57
253.75
256.93
260.12
263.30
266.48
269.67
272.85
276.03
279.22
282.40
285.58
288.77
291.95
295.13
298.32
301.50
304.68
307.87
311.05
314.23
317.42
320.60
323.78
326.97
330.15
333.33
336.52
339.70
342.88
346.07
349.25
352.43
355.62
358.80
361.98
365.17
368.35
371.53
374.72
377.90
381.08
384.27
387.45
390.63
393.82
397.00
395.60
394.20
392.80
391.40
390.00
388.60
387.20
385.80
384.40
383.00
381.60
380.20
378.80
377.40
376.00
374.60
373.20
371.80
370.40
369.00
367.60
366.20
364.80
363.40
362.00
360.60
359.20
357.80
356.40
355.00
353.60
352.20
350.80
349.40
348.00
346.60
345.20
343.80
342.40
341.00
339.60
338.20
336.80
335.40
334.00
332.60
331.20
329.80
328.40
327.00
325.60
324.20
322.80
321.40
320.00
318.60
317.20
315.80
314.40
313.00
313.10
313.20
313.30
313.40
313.50
313.60
313.70
313.80
313.90
314.00
314.10
314.20
314.30
314.40
314.50
314.60
314.70
314.80
314.90
315.00
315.10
315.20
315.30
315.40
315.50
315.60
315.70
315.80
315.90
316.00
316.10
316.20
316.30
316.40
316.50
316.60
316.70
316.80
316.90
317.00
317.10
317.20
317.30
317.40
317.50
317.60
317.70
317.80
317.90
318.00
318.10
318.20
318.30
318.40
318.50
318.60
318.70
318.80
318.90
319.00
319.37
319.73
320.10
320.47
320.83
321.20
321.57
321.93
322.30
322.67
323.03
323.40
323.77
324.13
324.50
324.87
325.23
325.60
325.97
326.33
326.70
327.07
327.43
327.80
328.17
328.53
328.90
329.27
329.63
330.00
330.37
330.73
331.10
331.47
331.83
332.20
332.57
332.93
333.30
333.67
334.03
334.40
334.77
335.13
335.50
335.87
336.23
336.60
336.97
337.33
337.70
338.07
338.43
338.80
339.17
339.53
339.90
340.27
340.63
341.00
342.53
344.07
345.60
347.13
348.67
350.20
351.73
353.27
354.80
356.33
357.87
359.40
360.93
362.47
364.00
365.53
367.07
368.60
370.13
371.67
373.20
374.73
376.27
377.80
379.33
380.87
382.40
383.93
385.47
387.00
388.53
390.07
391.60
393.13
394.67
396.20
397.73
399.27
400.80
402.33
403.87
405.40
406.93
408.47
410.00
411.53
413.07
414.60
416.13
417.67
419.20
420.73
422.27
423.80
425.33
426.87
428.40
429.93
431.47
433.00
432.62
432.23
431.85
431.47
431.08
430.70
430.32
429.93
429.55
429.17
428.78
428.40
428.02
427.63
427.25
426.87
426.48
426.10
425.72
425.33
424.95
424.57
424.18
423.80
423.42
423.03
422.65
422.27
421.88
421.50
421.12
420.73
420.35
419.97
419.58
419.20
418.82
418.43
418.05
417.67
417.28
416.90
416.52
416.13
415.75
415.37
414.98
414.60
414.22
413.83
413.45
413.07
412.68
412.30
411.92
411.53
411.15
410.77
410.38
410.00
405.65
401.30
396.95
392.60
388.25
383.90
379.55
375.20
370.85
366.50
362.15
357.80
353.45
349.10
344.75
340.40
336.05
331.70
327.35
323.00
318.65
314.30
309.95
305.60
301.25
296.90
292.55
288.20
283.85
279.50
275.15
270.80
266.45
262.10
257.75
253.40
249.05
244.70
240.35
236.00
231.65
227.30
222.95
218.60
214.25
209.90
205.55
201.20
196.85
192.50
188.15
183.80
179.45
175.10
170.75
166.40
162.05
157.70
153.35
149.00
146.52
144.03
141.55
139.07
136.58
134.10
131.62
129.13
126.65
124.17
121.68
119.20
116.72
114.23
111.75
109.27
106.78
104.30
101.82
99.33
96.85
94.37
91.88
89.40
86.92
84.43
81.95
79.47
76.98
74.50
72.02
69.53
67.05
64.57
62.08
59.60
57.12
54.63
52.15
49.67
47.18
44.70
42.22
39.73
37.25
34.77
32.28
29.80
27.32
24.83
22.35
19.87
17.38
14.90
12.42
9.93
7.45
4.97
2.48
0.00
0.00
0.00
0.00
0.00
0.00
0.00
0.00
0.00
0.00
0.00
0.00
0.00
0.00
0.00
0.00
0.00
0.00
0.00
0.00
0.00
0.00
0.00
0.00
0.00
0.00
0.00
0.00
0.00
0.00
0.00
0.00
0.00
0.00
0.00
0.00
0.00
0.00
0.00
0.00
0.00
0.00
0.00
0.00
0.00
0.00
0.00
0.00
0.00
0.00
0.00
0.00
0.00
0.00
0.00
0.00
0.00
0.00
0.00
0.00
0.00
0.00
0.00
0.00
0.00
0.00
0.00
0.00
0.00
0.00
0.00
0.00
0.00
0.00
0.00
0.00
0.00
0.00
0.00
0.00
0.00
0.00
0.00
0.00
0.00
0.00
0.00
0.00
0.00
0.00
0.00
0.00
0.00
0.00
0.00
0.00
0.00
0.00
0.00
0.00
0.00
0.00
0.00
0.00
0.00
0.00
0.00
0.00
0.00
0.00
0.00
0.00
0.00
0.00
0.00
0.00
0.00
0.00
0.00
0.00
0.00
0.00
0.00
0.00
0.00
0.00
0.00
0.00
0.00
0.00
0.00
0.00
0.00
0.00
0.00
0.00
0.00
0.00
0.00
0.00
0.00
0.00
0.00
0.00
0.00
0.00
0.00
0.00
0.00
0.00
0.00
0.00
0.00
0.00
0.00
0.00
0.00
0.00
0.00
0.00
0.00
0.00
0.00
0.00
0.00
0.00
0.00
0.00
0.00
0.00
0.00
0.00
0.00
0.00
0.00
0.00
0.00
0.00
0.00
0.00
0.00
0.00
0.00
0.00
0.00
0.00
0.00
0.00
0.00
0.00
0.00
0.00
0.00
0.00
0.00
0.00
0.00
0.00
0.00
0.00
0.00
0.00
0.00
0.00
0.00
0.00
0.00
0.00
0.00
0.00
0.00
0.00
0.00
0.00
0.00
0.00
0.00
0.00
0.00
0.00
0.00
0.00
0.00
0.00
0.00
0.00
0.00
0.00
0.00
0.00
0.00
0.00
0.00
0.00
0.00
0.00
0.00
0.00
0.00
0.00
0.00
0.00
0.00
0.00
0.00
0.00
0.00
0.00
0.00
0.00
0.00
0.00
0.00
0.00
0.00
0.00
0.00
0.00
0.00
0.00
0.00
0.00
0.00
0.00
0.00
0.00
0.00
0.00
0.00
0.00
0.00
0.00
0.00
0.00
0.00
0.00
0.00
0.00
0.00
0.00
0.00
0.00
0.00
0.00
0.00
0.00
0.00
0.00
0.00
0.00
0.00
0.00
0.00
0.00
0.00
0.00
0.00
0.00
0.00
0.00
0.00
0.00
0.00
0.00
0.00
0.00
0.00
0.00
0.00
0.00
0.00
0.00
0.00
0.00
0.00
0.00
0.00
0.00
0.00
0.00
0.00
0.00
0.00
0.00
0.00
0.00
0.00
0.00
0.00
0.00
0.00
0.00
0.00
0.00
0.00
0.00
0.00
0.00
0.00
0.00
0.00
0.00
0.00
0.00
0.00
0.00
0.00
0.00
0.00
0.00
0.00
0.00
0.00
0.00
0.00
0.00
0.00
0.00
0.00
0.00
0.00
0.00
0.00
0.00
0.00
0.00
0.00
0.00
0.00
0.00
0.00
0.00
0.00
0.00
0.00
0.00
0.00
0.00
0.00
0.00
0.00
0.00
0.00
0.00
0.00
0.00
0.00
0.00
0.00
0.00
0.00
0.00
0.00
0.00
0.00
0.00
0.00
0.00
0.00
0.00
0.00
0.00
0.00
0.00
0.00
0.00
0.00
0.00
0.00
0.00
0.00
0.00
0.00
0.00
0.00
0.00
0.00
0.00
0.00
0.00
0.00
0.00
0.00
0.00
0.00
0.00
0.00
0.00
0.00
0.00
0.00
0.00
0.00
0.00
0.00
0.00
0.00
0.00
0.00
0.00
0.00
0.00
0.00
0.00
0.00
0.00
0.00
0.00
0.00
0.00
0.00
0.00
0.00
0.00
0.00
0.00
0.00
0.00
0.00
0.00
0.00
0.00
0.00
0.00
0.00
0.00
0.00
0.00
0.00
0.00
0.00
0.00
0.00
0.00
0.00
0.00
0.00
0.00
0.00
0.00
0.00
0.00
0.00
0.00
0.00
0.00
0.00
0.00
0.00
0.00
0.00
0.00
0.00
0.00
0.00
0.00
0.00
0.00
0.00
0.00
0.00
0.00
0.00
0.00
0.00
0.00
0.00
0.00
0.00
0.00
0.00
0.00
0.00
0.00
0.00
0.00
0.00
0.00
0.00
0.00
0.00
0.00
0.00
0.00
0.00
0.00
0.00
0.00
0.00
0.00
0.00
0.00
0.00
0.00
0.00
0.00
0.00
0.00
0.00
0.00
0.00
0.00
0.00
0.00
0.00
0.00
0.00
0.00
0.00
0.00
0.00
0.00
0.00
0.00
0.00
0.00
0.00
0.00
0.00
0.00
0.00
0.00
0.00
0.00
0.00
0.00
0.00
0.00
0.00
0.00
0.00
0.00
0.00
0.00
0.00
0.00
0.00
0.00
0.00
0.00
0.00
0.00
0.00
0.00
0.00
0.00
0.00
0.00
0.00
0.00
0.00
0.00
0.00
0.00
0.00
0.00
0.00
0.00
0.00
0.00
0.00
0.00
0.00
0.00
0.00
0.00
0.00
0.00
0.00
0.00
0.00
0.00
0.00
0.00
0.00
0.00
0.00
0.00
0.00
0.00
0.00
0.00
0.00
0.00
0.00
0.00
0.00
0.00
0.00
0.00
0.00
0.00
0.00
0.00
0.00
0.00
0.00
0.00
0.00
0.00
0.00
0.00
0.00
0.00
0.00
0.00
0.00
0.00
0.00
0.00
0.00
0.00
0.00
0.00
0.00
0.00
0.00
0.00
0.00
0.00
0.00
0.00
0.00
0.00
0.00
0.00
0.00
0.00
0.00
0.00
0.00
0.00
0.00
0.00
0.00
0.00
0.00
0.00
0.00
0.00
0.00
0.00
0.00
0.00
0.00
0.00
0.00
0.00
0.00
0.00
0.00
0.00
0.00
0.00
0.00
0.00
0.00
0.00
0.00
0.00
0.00
0.00
0.00
0.00
0.00
0.00
0.00
0.00
0.00
0.00
0.00
0.00
0.00
0.00
0.00
0.00
0.00
0.00
0.00
0.00
0.00
0.00
0.00
0.00
0.00
0.00
0.00
0.00
0.00
0.00
0.00
0.00
0.00
0.00
0.00
0.00
0.00
0.00
0.00
0.00
0.00
0.00
0.00
0.00
0.00
0.00
0.00
0.00
0.00
0.00
0.00
0.00
0.00
0.00
0.00
0.00
0.00
0.00
0.00
0.00
0.00
0.00
0.00
0.00
0.00
0.00
0.00
0.00
0.00
0.00
0.00
0.00
0.00
0.00
0.00
0.00
0.00
0.00
0.00
0.00
0.00
0.00
0.00
0.00
0.00
0.00
0.00
0.00
0.00
0.00
0.00
0.00
0.00
0.00
0.00
0.00
0.00
0.00
0.00
0.00
0.00
0.00
0.00
0.00
0.00
0.00
0.00
0.00
0.00
0.00
0.00
0.00
0.00
0.00
0.00
0.00
0.00
0.00
0.00
0.00
0.00
0.00
0.00
0.00
0.00
0.00
0.00
0.00
0.00
0.00
0.00
0.00
0.00
0.00
0.00
0.00
0.00
0.00
0.00
0.00
0.00
0.00
0.00
0.00
0.00
0.00
0.00
0.00
0.00
0.00
0.00
0.00
0.00
0.00
0.00
0.00
0.00
0.00
0.00
0.00
0.00
0.00
0.00
0.00
0.00
0.00
0.00
0.00
0.00
0.00
0.00
0.00
0.00
0.00
0.00
0.00
0.00
0.00
0.00
0.00
0.00
0.00
0.00
0.00
0.00
0.00
0.00
0.00
0.00
0.00
0.00
0.00
0.00
0.00
0.00
0.00
0.00
0.00
0.00
0.00
0.00
1.37
2.73
4.10
5.47
6.83
8.20
9.57
10.93
12.30
13.67
15.03
16.40
17.77
19.13
20.50
21.87
23.23
24.60
25.97
27.33
28.70
30.07
31.43
32.80
34.17
35.53
36.90
38.27
39.63
41.00
42.37
43.73
45.10
46.47
47.83
49.20
50.57
51.93
53.30
54.67
56.03
57.40
58.77
60.13
61.50
62.87
64.23
65.60
66.97
68.33
69.70
71.07
72.43
73.80
75.17
76.53
77.90
79.27
80.63
82.00
81.90
81.80
81.70
81.60
81.50
81.40
81.30
81.20
81.10
81.00
80.90
80.80
80.70
80.60
80.50
80.40
80.30
80.20
80.10
80.00
79.90
79.80
79.70
79.60
79.50
79.40
79.30
79.20
79.10
79.00
78.90
78.80
78.70
78.60
78.50
78.40
78.30
78.20
78.10
78.00
77.90
77.80
77.70
77.60
77.50
77.40
77.30
77.20
77.10
77.00
76.90
76.80
76.70
76.60
76.50
76.40
76.30
76.20
76.10
76.00
77.65
79.30
80.95
82.60
84.25
85.90
87.55
89.20
90.85
92.50
94.15
95.80
97.45
99.10
100.75
102.40
104.05
105.70
107.35
109.00
110.65
112.30
113.95
115.60
117.25
118.90
120.55
122.20
123.85
125.50
127.15
128.80
130.45
132.10
133.75
135.40
137.05
138.70
140.35
142.00
143.65
145.30
146.95
148.60
150.25
151.90
153.55
155.20
156.85
158.50
160.15
161.80
163.45
165.10
166.75
168.40
170.05
171.70
173.35
175.00
177.72
180.43
183.15
185.87
188.58
191.30
194.02
196.73
199.45
202.17
204.88
207.60
210.32
213.03
215.75
218.47
221.18
223.90
226.62
229.33
232.05
234.77
237.48
240.20
242.92
245.63
248.35
251.07
253.78
256.50
259.22
261.93
264.65
267.37
270.08
272.80
275.52
278.23
280.95
283.67
286.38
289.10
291.82
294.53
297.25
299.97
302.68
305.40
308.12
310.83
313.55
316.27
318.98
321.70
324.42
327.13
329.85
332.57
335.28
338.00
338.95
339.90
340.85
341.80
342.75
343.70
344.65
345.60
346.55
347.50
348.45
349.40
350.35
351.30
352.25
353.20
354.15
355.10
356.05
357.00
357.95
358.90
359.85
360.80
361.75
362.70
363.65
364.60
365.55
366.50
367.45
368.40
369.35
370.30
371.25
372.20
373.15
374.10
375.05
376.00
376.95
377.90
378.85
379.80
380.75
381.70
382.65
383.60
384.55
385.50
386.45
387.40
388.35
389.30
390.25
391.20
392.15
393.10
394.05
395.00
396.63
398.27
399.90
401.53
403.17
404.80
406.43
408.07
409.70
411.33
412.97
414.60
416.23
417.87
419.50
421.13
422.77
424.40
426.03
427.67
429.30
430.93
432.57
434.20
435.83
437.47
439.10
440.73
442.37
444.00
445.63
447.27
448.90
450.53
452.17
453.80
455.43
457.07
458.70
460.33
461.97
463.60
465.23
466.87
468.50
470.13
471.77
473.40
475.03
476.67
478.30
479.93
481.57
483.20
484.83
486.47
488.10
489.73
491.37
493.00
488.87
484.73
480.60
476.47
472.33
468.20
464.07
459.93
455.80
451.67
447.53
443.40
439.27
435.13
431.00
426.87
422.73
418.60
414.47
410.33
406.20
402.07
397.93
393.80
389.67
385.53
381.40
377.27
373.13
369.00
364.87
360.73
356.60
352.47
348.33
344.20
340.07
335.93
331.80
327.67
323.53
319.40
315.27
311.13
307.00
302.87
298.73
294.60
290.47
286.33
282.20
278.07
273.93
269.80
265.67
261.53
257.40
253.27
249.13
245.00
242.78
240.57
238.35
236.13
233.92
231.70
229.48
227.27
225.05
222.83
220.62
218.40
216.18
213.97
211.75
209.53
207.32
205.10
202.88
200.67
198.45
196.23
194.02
191.80
189.58
187.37
185.15
182.93
180.72
178.50
176.28
174.07
171.85
169.63
167.42
165.20
162.98
160.77
158.55
156.33
154.12
151.90
149.68
147.47
145.25
143.03
140.82
138.60
136.38
134.17
131.95
129.73
127.52
125.30
123.08
120.87
118.65
116.43
114.22
112.00
110.13
108.27
106.40
104.53
102.67
100.80
98.93
97.07
95.20
93.33
91.47
89.60
87.73
85.87
84.00
82.13
80.27
78.40
76.53
74.67
72.80
70.93
69.07
67.20
65.33
63.47
61.60
59.73
57.87
56.00
54.13
52.27
50.40
48.53
46.67
44.80
42.93
41.07
39.20
37.33
35.47
33.60
31.73
29.87
28.00
26.13
24.27
22.40
20.53
18.67
16.80
14.93
13.07
11.20
9.33
7.47
5.60
3.73
1.87
0.00
0.00
0.00
0.00
0.00
0.00
0.00
0.00
0.00
0.00
0.00
0.00
0.00
0.00
0.00
0.00
0.00
0.00
0.00
0.00
0.00
0.00
0.00
0.00
0.00
0.00
0.00
0.00
0.00
0.00
0.00
0.00
0.00
0.00
0.00
0.00
0.00
0.00
0.00
0.00
0.00
0.00
0.00
0.00
0.00
0.00
0.00
0.00
0.00
0.00
0.00
0.00
0.00
0.00
0.00
0.00
0.00
0.00
0.00
0.00
0.00
0.00
0.00
0.00
0.00
0.00
0.00
0.00
0.00
0.00
0.00
0.00
0.00
0.00
0.00
0.00
0.00
0.00
0.00
0.00
0.00
0.00
0.00
0.00
0.00
0.00
0.00
0.00
0.00
0.00
0.00
0.00
0.00
0.00
0.00
0.00
0.00
0.00
0.00
0.00
0.00
0.00
0.00
0.00
0.00
0.00
0.00
0.00
0.00
0.00
0.00
0.00
0.00
0.00
0.00
0.00
0.00
0.00
0.00
0.00
0.00
0.00
0.00
0.00
0.00
0.00
0.00
0.00
0.00
0.00
0.00
0.00
0.00
0.00
0.00
0.00
0.00
0.00
0.00
0.00
0.00
0.00
0.00
0.00
0.00
0.00
0.00
0.00
0.00
0.00
0.00
0.00
0.00
0.00
0.00
0.00
0.00
0.00
0.00
0.00
0.00
0.00
0.00
0.00
0.00
0.00
0.00
0.00
0.00
0.00
0.00
0.00
0.00
0.00
0.00
0.00
0.00
0.00
0.00
0.00
0.00
0.00
0.00
0.00
0.00
0.00
0.00
0.00
0.00
0.00
0.00
0.00
0.00
0.00
0.00
0.00
0.00
0.00
0.00
0.00
0.00
0.00
0.00
0.00
0.00
0.00
0.00
0.00
0.00
0.00
0.00
0.00
0.00
0.00
0.00
0.00
0.00
0.00
0.00
0.00
0.00
0.00
0.00
0.00
0.00
0.00
0.00
0.00
0.00
0.00
0.00
0.00
0.00
0.00
0.00
0.00
0.00
0.00
0.00
0.00
0.00
0.00
0.00
0.00
0.00
0.00
0.00
0.00
0.00
0.00
0.00
0.00
0.00
0.00
0.00
0.00
0.00
0.00
0.00
0.00
0.00
0.00
0.00
0.00
0.00
0.00
0.00
0.00
0.00
0.00
0.00
0.00
0.00
0.00
0.00
0.00
0.00
0.00
0.00
0.00
0.00
0.00
0.00
0.00
0.00
0.00
0.00
0.00
0.00
0.00
0.00
0.00
0.00
0.00
0.00
0.00
0.00
0.00
0.00
0.00
0.00
0.00
0.00
0.00
0.00
0.00
0.00
0.00
0.00
0.00
0.00
0.00
0.00
0.00
0.00
0.00
0.00
0.00
0.00
0.00
0.00
0.00
0.00
0.00
0.00
0.00
0.00
0.00
0.00
0.00
0.00
0.00
0.00
0.00
0.00
0.00
0.00
0.00
0.00
0.00
0.00
0.00
0.00
0.00
0.00
0.00
0.00
0.00
0.00
0.00
0.00
0.00
0.00
0.00
0.00
0.00
0.00
0.00
0.00
0.00
0.00
0.00
0.00
0.00
0.00
0.00
0.00
0.00
0.00
0.00
0.00
0.00
0.00
0.00
0.00
0.00
0.00
0.00
0.00
0.00
0.00
0.00
0.00
0.00
0.00
0.00
0.00
0.00
0.00
0.00
0.00
0.00
0.00
0.00
0.00
0.00
0.00
0.00
0.00
0.00
0.00
0.00
0.00
0.00
0.00
0.00
0.00
0.00
0.00
0.00
0.00
0.00
0.00
0.00
0.00
0.00
0.00
0.00
0.00
0.00
