21803.28
21883.13
21851.27
21440.54
21842.85
21179.82
21167.07
20858.48
20855.01
20649.56
20349.45
20092.27
19929.77
19741.11
19511.16
18758.75
19001.46
18871.05
17679.00
18207.94
18677.65
18491.47
18296.06
18567.59
18741.87
18945.28
18719.22
18060.08
19140.55
18431.70
18922.84
19155.78
19429.99
19226.56
18904.50
18798.66
18522.37
18548.69
18427.24
19223.55
19089.68
18586.94
18816.28
18332.01
18690.03
18121.24
19173.13
18843.54
19872.86
20218.88
19602.35
20275.87
20078.04
21336.17
20983.27
20849.60
20143.57
20190.43
20030.32
19948.49
20144.84
20723.80
19917.68
19678.57
20679.02
20651.85
20125.00
19977.24
19298.86
19524.49
19093.62
19348.62
19645.71
19128.94
19422.08
19665.81
19608.44
20087.74
19103.96
18637.32
18519.86
19020.56
19510.62
19804.60
19828.43
19325.79
18436.39
18665.29
18728.30
19860.86
19925.85
19896.43
19559.80
20854.23
19965.43
20028.97
19847.54
19642.96
20398.92
19756.02
19746.31
19440.98
19466.01
19526.31
19889.59
19841.90
19390.52
19473.43
19568.31
19710.65
19830.81
20156.66
19621.56
19904.38
19564.12
19606.67
19425.88
19501.18
19860.90
18601.36
18801.29
19228.63
19330.51
19396.32
19855.83
19200.39
18722.54
18566.30
18956.94
18513.19
18792.87
18739.02
18870.73
18960.10
18906.08
18631.14
18279.20
19422.20
19253.95
19363.63
19102.95
19101.40
19452.98
19535.09
19543.63
19245.53
19472.70
19962.37
20193.63
20699.32
20022.21
20316.43
20195.43
20055.50
19950.00
19588.11
20720.83
20552.72
20121.78
20234.68
19758.08
19577.26
20170.15
20201.37
19656.17
19938.62
19655.74
19306.63
19501.07
19733.00
19571.97
19970.87
19966.50
20024.95
20053.25
20008.88
19068.24
18426.98
18513.94
18863.43
18782.10
18091.35
18157.38
17882.77
17904.74
17814.77
18439.48
19689.88
19604.09
19849.54
20126.29
20133.89
19769.03
20116.66
20689.11
21640.49
21611.53
21933.88
21524.82
21617.56
21357.39
21412.61
21607.17
21982.63
21361.88
20764.01
20708.00
20609.56
20608.38
20239.26
21151.86
21941.49
21125.26
20748.78
20522.38
20056.57
19081.73
19048.59
20254.98
20059.42
19307.31
19308.83
19134.87
19161.28
18484.93
17952.73
17724.96
17206.40
17724.55
17747.43
18206.24
18195.18
18140.34
17830.72
17673.94
17997.19
17481.07
17295.40
17155.01
17407.51
17313.10
17095.97
17119.51
17537.56
17619.35
18099.42
18242.84
17601.44
17467.02
16720.80
17282.77
17634.22
17188.04
17446.58
17413.35
17128.59
17017.56
17491.23
17368.34
17046.15
16280.97
16278.38
16399.92
16122.49
15498.50
16657.85
15837.58
15349.08
14909.08
14888.11
14544.59
12450.89
12127.65
12138.21
13474.52
13303.10
13560.06
12809.45
12881.64
12866.46
11845.61
11980.63
11473.36
12360.94
11322.43
12261.16
13143.74
13394.04
13261.33
13456.31
12755.88
13119.18
13055.29
13094.01
12180.65
11706.86
11605.46
11311.46
10565.28
10914.47
11013.85
11198.51
10902.90
10092.67
9405.33
8635.53
8146.59
7995.34
7125.92
7075.49
6663.84
7994.83
8823.97
8293.01
9062.41
8446.74
6020.38
4178.87
3635.14
2959.91
2110.84
2528.85
2497.84
2759.34
3580.37
5646.43
3301.08
3002.47
978.77
-323.05
-1153.12
648.71
32.45
372.99
951.73
1331.82
4091.95
4188.38
2030.88
2675.47
2892.79
1668.02
403.55
464.78
-784.13
-2743.95
-670.75
-1661.87
-152.63
-3483.43
-3902.13
-3492.66
-2106.87
-3148.20
-6819.71
-5146.10
-6121.37
-6686.83
-7286.88
-4351.78
-6595.30
-7003.03
-10171.29
-11471.28
-13798.87
-12860.82
-14560.10
-15972.14
-16535.21
-18252.60
-20792.27
-23649.65
-25705.03
-22555.22
-22706.44
-23360.20
-24529.98
-25916.76
-25581.07
-24333.45
-26492.27
-28905.69
-35314.38
-34383.01
-36035.44
-36251.70
-37766.85
-40387.25
-37559.49
-35769.48
-37919.29
-36352.44
-42560.51
-42284.83
-51541.86
-54084.17
-50804.08
-45618.36
-44283.79
-46383.48
-54601.22
-58479.86
-54247.52
-58258.41
-60863.39
-63303.48
-61841.36
-65830.52
-74205.86
-75468.27
-75404.15
-78771.74
-83001.16
-82957.97
-86665.83
-84023.53
-90999.76
-91350.94
-89609.93
-89459.73
-90915.48
-90045.13
-91060.49
-92250.49
-95293.27
-98093.98
-97481.74
-101434.55
-104897.57
-102079.39
-102427.25
-102228.53
-104066.90
-104011.95
-101846.00
-101211.24
-100411.85
-101207.49
-104567.30
-106409.68
-110808.55
-108162.16
-116936.01
-117008.12
-114999.50
-110149.98
-120619.31
-119270.57
-121641.64
-121867.56
-122339.54
-122759.69
-124340.03
-123700.52
-124524.24
-121382.04
-126908.41
-126089.57
-127120.64
-127080.05
-132652.24
-133772.38
-134690.09
-137034.97
-137078.93
-142828.66
-136295.19
-137719.79
-144182.49
-144347.02
-148070.09
-145173.63
-148164.25
-150737.13
-150424.19
-150665.94
-154259.52
-156034.95
-158817.57
-157705.08
-158765.08
-156475.06
-157952.73
-161462.03
-161985.81
-163411.59
-164218.73
-163625.16
-165633.95
-160674.36
-161100.16
-162621.08
-165103.07
-166364.52
-163360.96
-162880.10
-161757.48
-161050.22
-163681.53
-167886.51
-167643.74
-164869.74
-167987.93
-162720.84
-165286.43
-166946.65
-172598.11
-175321.29
-177209.67
-176340.23
-178282.67
-178809.67
-182129.06
-183432.67
-183459.39
-180552.82
-184620.05
-186941.19
-188598.01
-184662.22
-188100.23
-193672.94
-189961.24
-188566.05
-194758.17
-196508.71
-194020.90
-197765.24
-199238.03
-199969.88
-199982.43
-201284.56
-201203.83
-204174.87
-203918.84
-200136.80
-198718.10
-199013.74
-204512.14
-202224.39
-208578.05
-201424.45
-198659.18
-196827.56
-194247.02
-187059.35
-185206.96
-189171.53
-186473.75
-181726.88
-178493.41
-177448.43
-178108.36
-175277.91
-172386.02
-175020.89
-171928.82
-168548.58
-166825.79
-166577.00
-162886.09
-157780.74
-154229.59
-155083.31
-148064.99
-140557.11
-142119.88
-137864.84
-140107.12
-135888.85
-135705.66
-129268.90
-131135.00
-127976.20
-126086.63
-122451.58
-120548.65
-119237.64
-113209.46
-111965.77
-108438.67
-109881.32
-109797.68
-107374.80
-103967.22
-103515.79
-101871.78
-98686.44
-97526.35
-94712.17
-92105.05
-90509.93
-82365.53
-79941.88
-77296.33
-74572.43
-72959.64
-70465.19
-69298.94
-60700.15
-61789.20
-58061.12
-62147.69
-59533.55
-62962.67
-59630.49
-55140.54
-61010.63
-63758.98
-61831.87
-54901.32
-65718.15
-66826.58
-67809.20
-67074.99
-70074.11
-70948.73
-68436.26
-72173.20
-74319.57
-71371.42
-67105.05
-74351.48
-75041.33
-77549.27
-80273.53
-78416.95
-80439.63
-81295.12
-77493.24
-80358.77
-78396.09
-80334.72
-86815.09
-86402.19
-83554.61
-88258.13
-92976.54
-97303.44
-89657.81
-84504.54
-86720.26
-85834.25
-89364.56
-89747.15
-88557.74
-89622.58
-90407.53
-90923.58
-92569.46
-97731.72
-99056.52
-101834.83
-99282.32
-99126.49
-94544.82
-91874.91
-95805.73
-93944.94
-97305.30
-101077.73
-103134.83
-97751.21
-102900.56
-106610.04
-98876.86
-99229.63
-104743.76
-111273.72
-108630.11
-108712.98
-108222.89
-111882.27
-107618.38
-108414.17
-109316.02
-108596.88
-108004.16
-113439.69
-113231.77
-119426.50
-117530.25
-119625.65
-117608.69
-114611.77
-107156.51
-108400.12
-109404.52
-113693.52
-115752.13
-111624.01
-112625.15
-110923.80
-107754.47
-110015.47
-99081.20
-103754.19
-97604.43
-102281.86
-101078.64
-101471.16
-104792.73
-106363.32
-104731.45
-98911.76
-94484.41
-102092.21
-112026.46
-112588.54
-113959.82
-109466.43
-107214.88
-110871.86
-108818.90
-109428.30
-108385.49
-109776.39
-102968.81
-100994.78
-102212.40
-101447.46
-103230.12
-99155.46
-102546.84
-98257.73
-89561.55
-90808.62
-77606.62
-77854.91
-75366.98
-72758.20
-65172.18
-62047.85
-65034.28
-74033.64
-75930.30
-73929.27
-74171.02
-67720.93
-68976.26
-64145.74
-59524.77
-57991.21
-52821.79
-48763.44
-51223.90
-46607.68
-42419.79
-46919.94
-39402.41
-49270.06
-43700.81
-40777.20
-41749.00
-44550.16
-46325.69
-50504.91
-45825.54
-45549.41
-45828.85
-40825.40
-41165.11
-44910.05
-46459.11
-40819.94
-40244.28
-37394.85
-38588.47
-34709.01
-30816.42
-27068.28
-34213.63
-35674.24
-31550.12
-24496.88
-19457.70
-17007.78
-18857.25
-21909.08
-20658.15
-23121.95
-23589.40
-31546.37
-29884.23
-36699.07
-38381.91
-34244.51
-35616.44
-37939.31
-33274.97
-40012.27
-44719.69
-50968.11
-59995.51
-59072.68
-60174.45
-54491.23
-56304.09
-58155.46
-59841.00
-60473.53
-58249.29
-62374.71
-58214.58
-56624.30
-57494.22
-59393.06
-59338.15
-56095.25
-50980.69
-52163.47
-47499.07
-52868.94
-51990.75
-51236.36
-58001.40
-56669.91
-55553.98
-58024.45
-60883.18
-61258.92
-60349.17
-63863.44
-65258.50
-66348.86
-66480.27
-66154.45
-72431.54
-71187.62
-68536.79
-65627.26
-66840.83
-65704.43
-66345.22
-66399.40
-62058.19
-63466.23
-65549.62
-67798.75
-67062.51
-66239.92
-61842.01
-61694.52
-60337.40
-57199.35
-57310.74
-55499.56
-55623.08
-55650.20
-50938.86
-49438.33
-53861.67
-56984.30
-56411.13
-57220.86
-52975.76
-49671.67
-55346.31
-52285.80
-50328.65
-54307.99
-50992.12
-48983.49
-46290.92
-43160.46
-39480.64
-45145.69
-42234.29
-39678.87
-41991.39
-39816.19
-37494.68
-37530.68
-35998.81
-38402.65
-39058.39
-33564.32
-33961.23
-32399.19
-30268.39
-23858.74
-21092.32
-18585.83
-19995.46
-15172.56
-16997.25
-11120.48
-10941.38
-17060.24
-12174.78
-14824.12
-13754.45
-14952.59
-13520.18
-16273.62
-11122.29
-12984.22
-15029.83
-12016.71
-11089.24
-7115.65
-4909.68
-11321.60
-9141.48
-11242.72
-14002.33
-8896.10
-10621.40
-16485.01
-13648.33
-11002.64
-15204.59
-15514.38
-15581.40
-18011.73
-16842.15
-16048.39
-18235.95
-22402.10
-25573.75
-28105.35
-24753.92
-28309.56
-27731.41
-26583.27
-26992.31
-26124.70
-27392.29
-25689.00
-24659.79
-28595.70
-24167.80
-26586.56
-28992.32
-27151.76
-29734.74
-29620.99
-28435.90
-28825.83
-29700.94
-31132.39
-35983.28
-33188.20
-37417.55
-38465.89
-34984.53
-32453.37
-38627.22
-34183.02
-32053.05
-33621.72
-30442.38
-34350.48
-38046.25
-36011.83
-36210.43
-35887.43
-33737.52
-33454.47
-34543.78
-35092.19
-32619.60
-34236.37
-34856.47
-39886.83
-37283.78
-36071.45
-37188.86
-37062.69
-34925.66
-32060.50
-34776.62
-38808.58
-35826.45
-34454.95
-37617.44
-33677.32
-33829.69
-33412.72
-33935.27
-33291.03
-30768.01
-31363.54
-31322.35
-26264.96
-25144.24
-30896.83
-28092.19
-30593.48
-31784.08
-27189.75
-23714.16
-28518.21
-25010.58
-24970.75
-26793.83
-23031.62
-23470.47
-19721.43
-16889.93
-20678.66
-18904.68
-20135.83
-19598.16
-17318.91
-16333.79
-13488.99
-16485.83
-13775.19
-13034.58
-13860.63
-15398.91
-15017.28
-13725.06
-15699.18
-14276.48
-15630.28
-14247.08
-15088.31
-8569.69
-9308.43
-8695.10
-10150.03
-9625.73
-9488.63
-7226.31
-6795.86
-7384.61
-10377.49
-9208.35
-2158.93
-4206.29
-2983.19
1865.20
3796.20
6928.05
8187.45
3653.22
7484.07
5111.41
6774.46
8636.86
5834.28
8285.86
9649.09
8259.97
6605.96
7846.99
6517.30
9639.83
10060.30
12171.19
10272.25
10894.10
13460.61
15415.94
15247.10
14051.17
14164.16
16737.86
18411.43
21594.39
20943.27
21555.72
22714.77
25893.33
33597.81
33768.74
36009.95
37966.10
36184.88
39427.22
32438.92
35736.32
37521.85
38090.76
35189.11
38534.17
37206.82
37348.35
37694.33
37947.58
38043.06
42222.85
40440.48
41526.11
43014.69
41185.66
42112.42
48651.94
47050.56
41916.79
41209.46
39853.67
42621.15
44217.20
40642.75
38980.38
34184.58
35411.65
35786.28
34467.75
39961.14
43406.17
45910.66
52152.08
47460.75
47850.92
46305.40
46065.35
50444.84
53488.81
47933.61
56618.87
56216.26
60015.14
59948.59
59970.54
61904.91
63810.06
67312.54
72501.16
74058.20
74229.02
81062.83
79950.66
79311.64
77850.30
78696.04
79640.74
81162.02
84333.68
79412.20
80989.49
81052.24
80242.13
82434.10
85323.72
92374.64
89851.17
86752.74
93684.21
87459.75
95095.29
93470.84
92760.17
95247.38
99043.78
97243.55
93303.96
101172.27
101041.45
101007.00
103722.85
104946.37
106018.44
107017.96
104101.39
105422.61
103511.45
100113.13
106191.11
103495.92
101975.04
108749.68
115569.78
116832.24
119455.03
115585.51
119684.22
113181.06
114708.16
111440.31
111195.78
107906.58
107213.42
108288.91
107413.41
111028.33
114815.57
122776.35
122423.51
119647.83
121300.38
116211.94
115604.62
115003.62
110627.66
109184.67
107447.56
106811.15
110706.05
113203.41
107685.19
109940.63
111084.03
103445.19
105648.34
106903.83
106834.41
107499.54
109047.26
105024.27
105037.88
106790.57
107427.91
109625.12
110173.65
107269.26
108412.06
101611.61
99175.42
102490.64
99675.35
101530.50
103713.39
108053.47
107112.97
103257.96
99292.35
104540.50
104092.86
96257.06
95665.83
89406.50
96952.13
95591.10
92824.62
91865.85
91139.15
92469.07
90419.70
89303.45
91171.04
90365.62
95787.39
94938.03
93191.29
90620.19
90195.90
85631.63
85979.38
93128.04
91702.04
90111.00
92035.10
92292.63
89450.54
89561.07
89815.30
86970.71
92086.71
88780.34
88659.25
85584.75
86225.44
87068.12
81785.52
83199.90
83753.87
86924.73
87446.86
86318.67
88819.31
87054.66
90155.24
88444.46
84543.29
83442.44
83634.30
83799.13
82731.27
81895.76
80656.54
79872.40
79259.12
80586.20
79227.30
76484.19
77055.02
77500.24
77576.34
75424.15
74913.98
76547.76
76223.26
75065.49
76085.20
73868.12
75558.95
73499.78
74123.29
73199.39
71911.97
70599.48
70637.71
69957.94
70244.42
67507.46
67489.17
64944.77
64025.48
61954.32
60552.67
60877.15
60475.34
60146.59
61847.01
62708.95
62946.21
59131.76
58177.73
56744.77
56777.35
55727.04
55201.02
55815.74
56688.96
55136.49
55303.07
55259.16
56019.08
56323.01
51663.72
51432.88
52603.49
53504.52
51532.23
50032.61
50983.44
48765.36
51870.28
51524.67
51209.19
53364.61
53279.29
53893.13
52807.23
52830.07
52257.48
51611.82
52195.66
52184.62
51994.89
51730.19
51716.24
48177.34
47896.42
48332.92
48707.77
47494.36
46506.23
46368.11
45674.75
45146.81
44773.41
43810.35
43545.06
43635.99
43722.94
44091.75
44759.09
44460.32
44141.20
44772.68
44916.67
44802.40
44802.74
44037.96
44264.33
44309.72
44077.66
44140.16
43162.73
43487.06
43620.95
43404.96
43361.48
43463.88
42543.81
43281.95
42927.23
43427.64
43703.02
44184.17
43815.20
43496.29
42732.70
42661.60
42554.11
42242.99
43160.50
41978.48
41627.09
40813.13
40162.92
40014.72
40612.11
39953.56
40104.19
40168.98
40480.97
40454.45
41409.58
39196.13
38783.24
38916.20
38679.19
38399.65
38604.77
37622.03
37303.27
36810.29
36999.84
36949.40
36818.46
36912.09
37012.30
37165.55
36318.44
36177.01
35756.23
36339.04
36327.59
36615.22
36181.01
36551.53
36339.05
36309.67
35508.48
35478.69
35862.59
35388.05
34684.82
34865.05
34428.39
34166.01
33134.91
33097.10
32431.38
31471.65
30838.34
30812.19
30807.00
30915.51
30730.43
30618.93
31027.13
30515.43
30761.15
30800.82
31365.37
31411.41
31211.64
31755.70
31223.12
30933.76
30828.36
30386.25
31208.83
30971.41
30456.21
30892.36
32397.81
32387.85
31281.57
32163.82
31706.12
32055.01
31666.55
31251.75
31323.92
30783.39
30343.77
30785.74
30755.60
31547.37
31102.85
31639.32
31178.71
31077.59
30438.89
30937.60
30315.73
30566.03
30115.75
29461.89
29945.81
28997.62
28640.24
28337.73
28280.53
28153.19
27460.05
26718.66
26214.31
26054.32
25903.13
25290.46
25237.58
26166.61
26048.76
25951.83
27093.46
26413.30
27470.65
26649.26
26801.46
26624.61
26175.18
26249.48
25692.85
24973.38
25197.09
24503.13
24987.01
24516.58
24615.66
25963.08
25741.61
25727.38
26361.53
26170.92
25446.78
25473.05
25775.95
25653.40
25485.66
25021.27
25554.44
25038.84
24597.28
23886.49
23514.94
23070.35
23502.51
22920.06
22530.09
21618.50
21803.84
21582.10
21249.96
21341.51
21300.54
21739.50
22456.97
22679.05
22610.05
22486.08
22810.80
22829.58
22798.92
22762.48
23056.51
22581.26
22756.10
22813.06
23025.15
23402.52
23324.59
24031.71
24517.11
24389.07
23924.12
23581.57
23358.95
24236.17
24868.45
24688.74
25305.27
25015.65
24365.89
23422.88
22940.25
23606.64
23159.51
22973.50
22555.44
22451.65
22957.00
23099.26
22715.97
22548.72
22415.92
22760.87
22582.95
22117.44
22038.71
21714.50
21869.89
21525.49
21624.89
21115.54
22041.41
21303.28
20984.84
21245.14
21380.13
21929.94
21539.15
21440.65
21295.42
21559.62
21535.90
21538.62
21296.03
22144.89
22357.07
22087.15
22646.75
22602.87
22216.75
21586.11
22254.46
22020.23
22875.84
22487.96
22668.64
22235.16
21539.22
21218.59
21203.68
20627.57
20711.06
20966.23
20905.10
21172.81
20742.20
21127.11
20561.60
20806.59
19913.17
19388.34
19489.07
18788.50
19010.06
18911.85
19201.13
19640.78
18975.15
18935.98
18073.66
18996.57
18271.75
19727.86
19188.41
19387.97
19290.00
20388.43
19910.52
20262.61
20396.64
19922.06
20111.96
20227.08
20318.72
19694.95
20553.36
19764.30
20507.00
20838.57
20801.21
20592.67
21142.96
21896.40
21922.77
21929.47
22098.45
21415.86
21269.82
20558.18
21130.16
20752.29
19784.42
20580.93
20464.76
20850.06
20757.36
20234.59
19864.40
19651.24
18778.24
18943.37
19459.70
19454.39
18648.76
18778.37
18530.36
17256.33
17367.77
17561.09
16558.64
16806.66
15937.63
16276.19
16399.21
16619.54
17052.57
16863.31
16910.73
17900.28
18407.41
18199.12
18005.88
16851.34
16741.81
17199.23
17962.81
17322.18
17867.07
17502.17
18045.60
17600.36
17925.82
17375.43
16845.67
16716.09
15948.05
15918.64
15730.54
15908.42
15361.65
15518.57
15648.10
15813.83
15913.72
15501.14
14184.73
14279.94
14368.25
13276.15
13077.38
12730.95
11900.22
12109.75
11638.74
11759.83
11145.49
10770.80
10731.54
10180.16
10746.55
9978.09
10253.74
10135.13
10441.19
11521.32
10697.96
12480.39
11762.87
9906.61
9681.47
11450.65
10618.15
10756.94
13004.89
10156.86
9681.12
9774.84
9516.75
7502.05
9216.57
8640.87
9899.81
10175.21
8051.65
6870.48
7656.01
6733.83
5861.45
4745.12
6311.08
3299.79
4090.67
3784.35
2656.07
1967.88
1391.55
1352.89
2331.28
3118.47
3309.52
6059.73
5002.62
6343.54
5246.17
3635.88
1490.46
1775.05
2561.44
443.79
-286.69
-1082.25
-1668.82
-3710.20
-1697.26
-3135.87
-3228.38
-1194.90
-2005.65
-2580.57
-2981.26
-6904.88
-9235.76
-9757.71
-12147.31
-15325.45
-17666.87
-18822.63
-19946.59
-17709.98
-16996.18
-13503.93
-14333.02
-15089.07
-18815.33
-19374.92
-27454.19
-28273.40
-27812.18
-30542.56
-31420.79
-30858.83
-33285.40
-33769.94
-33679.75
-34907.21
-38980.77
-42031.02
-41378.90
-40269.40
-36963.75
-39128.51
-42254.01
-44909.03
-46561.73
-40834.91
-44392.69
-44487.63
-43494.36
-43149.46
-46682.39
-51842.90
-52414.43
-54109.70
-56656.25
-55645.64
-59635.67
-60792.54
-60846.87
-63243.23
-60919.94
-61779.84
-62295.48
-62459.48
-64960.15
-68305.26
-71754.16
-72613.53
-76233.90
-75091.92
-73303.45
-75065.57
-77046.79
-78501.99
-81735.65
-81061.17
-82358.50
-87508.38
-87335.42
-86390.84
-86087.00
-86741.16
-92412.70
-96559.03
-98220.08
-94500.45
-99814.32
-103311.39
-101878.82
-104468.43
-102583.89
-107486.18
-107930.52
-110781.14
-108281.93
-110194.83
-113343.97
-110518.96
-110866.84
-111807.51
-112009.09
-117439.01
-121119.40
-118710.34
-118219.89
-116400.52
-119830.58
-125518.76
-126499.16
-132449.05
-133645.24
-137518.32
-134977.95
-134278.85
-137834.82
-142093.68
-148047.25
-152500.33
-151763.96
-153905.46
-155322.52
-156779.32
-157742.20
-160895.20
-163732.76
-166287.57
-169285.36
-166193.22
-169804.88
-168101.55
-166139.65
-167212.52
-171384.63
-169748.99
-173420.40
-171914.63
-172153.25
-176380.83
-177804.27
-183003.41
-187659.17
-189426.38
-187291.33
-192572.59
-196420.39
-195188.50
-197770.68
-205136.79
-206275.24
-208402.40
-206326.53
-211029.58
-211154.92
-207354.00
-208061.89
-211172.36
-211102.18
-213539.17
-216271.25
-220056.56
-217217.97
-219698.14
-223910.04
-229015.50
-231844.50
-232255.32
-240262.04
-238761.72
-240041.74
-240025.48
-243936.23
-240948.44
-244472.18
-245144.63
-244483.28
-245293.37
-249228.06
-248927.99
-249915.29
-254314.43
-256956.28
-261772.75
-263052.97
-261446.67
-262149.31
-266338.96
-268094.80
-270267.03
-269371.05
-273144.05
-269446.50
-270987.94
-275516.89
-274512.66
-278330.14
-277800.70
-280614.46
-281008.57
-281541.68
-285355.47
-286584.90
-286750.82
-285421.91
-287586.54
-291041.48
-290093.08
-288503.11
-291939.38
-293918.48
-296146.88
-294987.11
-297753.42
-298240.03
-299045.14
-297554.14
-304120.74
-304571.22
-304346.58
-306751.45
-307883.30
-308795.84
-311833.81
-317431.01
-315013.49
-321034.61
-317998.24
-323564.78
-321058.55
-320316.42
-320708.93
-320823.19
-321368.39
-319673.43
-321007.23
-320519.67
-321353.52
-323796.86
-330675.24
-332188.27
-329907.84
-329243.73
-330993.32
-332473.54
-333023.11
-333368.54
-338332.47
-341171.50
-340003.11
-342179.12
-340399.03
-342008.73
-343838.84
-347281.17
-344546.60
-346710.04
-341792.44
-344689.19
-341673.14
-334666.39
-338465.79
-339332.44
-338714.36
-333667.95
-337163.55
-332259.65
-329824.44
-332523.42
-336348.69
-337717.78
-343649.50
-343765.12
-342782.88
-344799.54
-344821.57
-349852.83
-346470.82
-347666.84
-348170.96
-347487.17
-347308.61
-346243.65
-346132.36
-350142.58
-352797.69
-355952.62
-356323.66
-355733.77
-356178.78
-349229.70
-352520.07
-352867.06
-355771.05
-353516.93
-356917.82
-359242.79
-360457.12
-363341.56
-365698.72
-364547.51
-367948.01
-366342.62
-366425.85
-366307.48
-361602.36
-358024.87
-357690.58
-361707.23
-362158.66
-364749.73
-365432.40
-362427.98
-366310.86
-365294.27
-359774.97
-357644.44
-360640.48
-364478.50
-369424.73
-366586.09
-367572.60
-370776.48
-371598.27
-369968.60
-372301.47
-371259.86
-370283.32
-366755.13
-370610.25
-371331.17
-366872.18
-365921.29
-367521.45
-365631.38
-366114.22
-365646.84
-367436.04
-368574.44
-366541.26
-365647.07
-365021.16
-355536.94
-362742.10
-364443.38
-363441.68
-363766.07
-363410.39
-365288.68
-366016.77
-365944.03
-363385.21
-363478.82
-356513.72
-350484.08
-346259.23
-347078.07
-346826.77
-350013.54
-355537.47
-357332.28
-360525.26
-357830.39
-359577.22
-357962.99
-355590.90
-360837.35
-357980.17
-354098.72
-352827.42
-358939.57
-358785.18
-353699.20
-357664.64
-355558.94
-359174.41
-355556.75
-356542.28
-356604.45
-356876.59
-353945.20
-354552.70
-362688.10
-363013.19
-360731.16
-357326.09
-355419.08
-354644.17
-353508.42
-356574.35
-350556.85
-355421.12
-355747.20
-358008.75
-356704.16
-357062.03
-360149.89
-360511.62
-362509.54
-367575.29
-367477.25
-368911.66
-365535.86
-364492.11
-362960.12
-363224.35
-365733.57
-365621.76
-373173.32
-373262.02
-367554.94
-362761.29
-365246.13
-362409.45
-365297.39
-367229.64
-365088.72
-365510.68
-364144.34
-365179.27
-366086.17
-374223.56
-374090.98
-373603.78
-375317.52
-374133.99
-375225.41
-376838.86
-377069.83
-380336.39
-379208.15
-379691.26
-375642.45
-371598.19
-370990.33
-376149.18
-374983.87
-369462.14
-369751.84
-367955.56
-363964.31
-369797.28
-367068.99
-365581.99
-365909.51
-368302.61
-365238.40
-362113.30
-362844.18
-362933.60
-361340.45
-361285.78
-359641.00
-361701.80
-362786.49
-362562.85
-360878.96
-361383.75
-361081.10
-353537.04
-358910.56
-363487.72
-362882.32
-359187.52
-356485.44
-348199.78
-348021.27
-345921.80
-342156.50
-345501.28
-340256.46
-344196.53
-342203.73
-342436.25
-341269.45
-340604.45
-340360.00
-339743.92
-342200.44
-348816.69
-344592.33
-345332.19
-342596.04
-345951.38
-345139.75
-340389.34
-342242.46
-339499.67
-338355.70
-340728.66
-339830.66
-339484.60
-339128.28
-331658.69
-335179.62
-335524.52
-337756.17
-334867.98
-333509.49
-335203.45
-333405.18
-336416.77
-332435.77
-332354.04
-330365.49
-329169.43
-327600.47
-329083.31
-328344.87
-324399.15
-321367.34
-321007.49
-316220.43
-314925.25
-316226.69
-315094.15
-316428.49
-315309.64
-314266.17
-313828.46
-308765.55
-311851.20
-308203.93
-308493.36
-308314.84
-310295.62
-313540.96
-310700.14
-307065.20
-305204.99
-300724.51
-300771.45
-298238.79
-293068.00
-296672.06
-296446.45
-293930.24
-290684.36
-288782.69
-290589.07
-286547.10
-285039.54
-285126.20
-285981.81
-283379.26
-280416.87
-282057.24
-279841.83
-281273.96
-277700.17
-274407.24
-276545.78
-273241.50
-268880.64
-269345.97
-269300.34
-268838.98
-262229.06
-259830.01
-260920.76
-258260.56
-255551.86
-255021.88
-250956.71
-250915.55
-249248.85
-247273.74
-246475.45
-244427.12
-245926.25
-242302.26
-242477.71
-239440.42
-238339.71
-240060.32
-234978.27
-235932.76
-234444.79
-233427.88
-233099.85
-230544.62
-229524.39
-225433.95
-223097.61
-222577.89
-220761.95
-220838.88
-217803.19
-222559.88
-217032.46
-220187.97
-221403.18
-217733.35
-217129.58
-213895.86
-213112.64
-211063.19
-214338.85
-213970.32
-211515.13
-208213.81
-210055.51
-207039.10
-210069.21
-211596.13
-206896.52
-208070.31
-205398.86
-204303.00
-200100.19
-200960.82
-201482.47
-201055.95
-197795.23
-198874.74
-194655.48
-198011.59
-192306.72
-190091.63
-189194.32
-186002.19
-187433.15
-185339.53
-185270.53
-183646.80
-182266.33
-180884.01
-177049.37
-172113.04
-175791.45
-172531.72
-173296.92
-172616.78
-173427.91
-172829.11
-168979.99
-168129.66
-166483.14
-162600.39
-162931.62
-161083.55
-155152.44
-154481.07
-149956.40
-151243.81
-149067.05
-150755.43
-145539.74
-143966.17
-143887.16
-138797.93
-139540.56
-135741.17
-132812.62
-131430.49
-130192.87
-128193.66
-125511.84
-124229.08
-124725.37
-123959.71
-122681.07
-118564.40
-119331.68
-117884.50
-114662.00
-113040.39
-109433.02
-107971.30
-102917.00
-103226.74
-102420.28
-99933.67
-96810.46
-95114.37
-90195.70
-89460.43
-85890.23
-83498.08
-83692.06
-75938.83
-79249.32
-76686.91
-71702.24
-69878.60
-67418.15
-67914.15
-63465.75
-59789.01
-58344.25
-53092.23
-52725.72
-48070.17
-46798.01
-44735.91
-43827.46
-46797.41
-43041.17
-40298.30
-36193.20
-37010.75
-33615.24
-32428.97
-33224.42
-32403.26
-27111.27
-25316.47
-24773.51
-22202.21
-22837.00
-15895.34
-11728.08
-6112.86
-6141.29
-7658.46
-6281.35
-5453.44
-953.49
1627.53
1335.66
788.33
336.31
5675.95
4495.84
4658.71
10842.94
11756.64
13003.69
14964.51
17439.40
20956.53
23172.56
26347.37
27130.55
21630.23
22179.51
23626.65
29261.01
28167.91
27843.93
31433.33
26531.80
32445.69
32999.53
28730.06
33023.11
33252.27
37041.42
40544.17
44188.81
44338.11
41285.14
44110.98
47757.40
44897.87
46842.20
44253.88
46580.72
47009.14
45020.82
47926.78
48476.18
53596.99
55474.14
53706.50
61385.10
56436.31
59690.80
61783.31
58102.47
59106.66
62463.33
60950.21
64711.19
65535.42
66136.15
61053.81
62694.59
65797.70
65507.65
64964.25
66871.45
66719.99
67213.96
71024.30
76429.30
76024.55
76654.32
83103.50
82130.06
81935.82
81602.56
83018.38
81701.72
79340.82
83677.64
83188.79
93503.79
93538.56
94229.15
98422.26
98108.20
92190.52
88656.38
92055.60
88608.33
90257.19
93155.27
98077.96
104973.75
112165.90
111012.88
109456.75
109657.16
104974.73
101879.59
100553.81
101955.67
102989.79
107638.22
107691.74
105401.16
106344.29
109720.07
112675.14
119891.42
118050.68
125227.37
122012.11
124629.36
123028.49
122774.64
124379.73
122347.72
124288.86
124258.38
125001.94
123065.88
117553.60
114898.73
115116.01
115239.01
112924.76
106798.59
109806.52
109790.59
110826.76
111242.90
110585.65
109966.23
110878.31
111345.99
109895.48
108381.59
105867.81
107079.68
99921.36
101258.78
98392.13
102819.14
98644.92
99854.59
102377.00
100307.06
98193.43
94525.20
98824.29
98931.91
97917.31
96709.34
96992.37
93989.76
97999.92
97642.12
93485.62
96046.17
92551.06
97130.69
93743.86
94250.58
90045.10
92866.99
93305.05
96956.54
97378.85
98869.93
97160.28
95702.99
93120.74
91839.93
88686.62
90101.05
88532.64
89276.07
89146.55
86596.71
84138.62
85877.70
85432.12
87999.96
84098.65
81166.92
81898.43
80158.64
80766.54
82638.66
82716.16
84174.93
84721.51
84437.78
82206.93
81866.46
78212.11
79112.05
79874.43
81566.56
78818.51
78486.14
76534.76
74381.10
71732.82
72621.74
73829.26
75182.32
74007.68
72094.27
67786.96
68467.14
69316.97
68297.31
69221.16
68257.78
70178.64
69378.29
69531.07
69407.45
70002.81
71397.01
71641.87
70081.37
68833.79
66984.36
65646.24
62425.50
59837.19
58816.87
59097.14
59271.39
59366.09
57421.67
55601.63
56226.82
56124.59
55807.86
55403.89
57880.60
57592.92
57526.71
57489.88
56823.11
58442.11
56962.34
56999.42
57121.52
56091.05
56040.00
55111.43
54876.22
55032.61
55459.70
58479.73
56646.76
58142.45
57902.83
56584.29
54900.80
54725.31
55144.16
54623.64
52938.44
52433.54
53079.01
54146.83
54633.22
52762.23
54082.89
56235.55
55209.95
54945.83
54797.63
56374.86
56116.58
55744.25
55844.17
55595.31
58360.16
57706.80
56912.06
57425.42
56979.53
57338.62
56895.34
56566.31
56301.97
55186.28
55471.07
56051.71
55366.92
55769.37
53946.89
53674.48
53999.31
53442.86
51339.03
52031.35
52499.47
52053.19
51602.25
51200.78
50494.79
50270.21
49998.46
49225.59
48904.90
48869.23
49598.57
48963.56
49903.13
48910.92
47557.33
50732.45
50818.53
50169.08
49812.31
50502.90
50850.74
51353.17
50615.39
50922.99
51721.08
50777.24
50506.73
48335.07
49132.95
48754.81
48355.54
49008.28
47549.44
47033.59
47094.28
47140.44
47051.95
46605.57
46126.43
45868.76
45678.93
44624.65
45015.41
44292.10
44105.02
44406.87
43883.03
44260.27
42775.52
43094.93
42811.98
42935.90
41798.96
42219.81
42302.50
42674.17
42129.37
44796.78
43737.90
44681.30
44695.69
43897.90
43667.20
43986.21
44910.22
44806.18
43616.13
42511.32
41668.32
42352.97
42109.05
43062.64
43232.87
43074.31
42431.39
42823.03
43277.45
42616.17
42315.22
41558.77
39181.97
38688.83
39080.82
39453.81
39205.52
38814.12
38749.23
38497.76
38771.08
40208.19
39676.03
40808.96
40740.08
40897.81
38883.22
38427.27
37734.75
37881.48
37548.20
37363.72
37406.10
37155.69
37271.43
36144.19
35394.96
34963.11
34452.87
33532.68
33733.01
34518.45
34044.12
34520.20
34080.99
33573.59
33356.29
32623.35
32732.07
32790.89
32878.71
32416.44
32656.84
33265.16
32665.38
32438.31
32118.90
31448.18
31526.58
30465.81
30540.35
30340.37
29559.26
30206.93
29869.42
30172.14
30587.76
30062.04
29765.87
30459.23
27205.37
26573.02
27077.34
26547.24
26191.74
27541.68
27289.06
27728.06
27435.89
27067.95
27678.42
28345.91
27611.41
28473.67
27516.81
27068.91
26871.98
26895.55
26780.58
28147.69
27073.71
26851.89
27819.78
27616.50
26961.64
26439.10
25946.43
25494.04
26089.07
25472.05
24980.76
24570.24
25410.02
24927.05
24685.82
24886.65
24100.25
23800.01
23113.77
23259.52
23640.40
23580.94
22791.19
22703.33
23500.30
23137.97
22886.75
23297.59
22863.32
23075.49
22775.58
22404.55
22736.57
22434.25
22664.57
22860.71
23221.47
23771.98
22878.02
22893.86
22339.00
22217.53
22275.51
22283.35
22723.02
21574.47
22138.52
21988.50
21903.55
22116.56
22497.70
24178.35
23973.06
23006.91
23475.17
22975.60
22097.71
22100.45
23346.32
23602.04
22451.95
22027.92
22725.27
22814.19
22270.61
22374.54
22104.36
21877.87
21703.16
22189.98
22557.29
22347.56
22030.90
21169.12
21212.54
20842.52
21265.01
21009.81
20581.10
20672.69
20021.58
20130.17
20333.37
19402.04
20038.62
20143.20
19884.34
20643.07
20133.83
21642.56
20665.16
21450.96
21028.46
21074.67
20452.28
19960.79
19826.71
20082.74
20757.74
21027.63
21326.34
21550.35
21681.24
22037.34
21706.36
20923.10
21590.80
21514.00
22139.86
22209.53
21565.05
21984.16
21679.27
20498.82
20522.65
20595.60
20637.21
20336.40
20636.57
20172.87
20350.95
20271.19
20309.21
19627.96
19821.95
19184.69
19035.19
19956.45
19941.97
19734.09
18967.81
19270.55
18957.41
19077.27
18902.02
19374.97
19613.93
19069.97
19519.78
20004.45
20136.03
19723.90
19023.86
19604.11
20228.55
19885.14
19848.80
19605.58
19757.10
19663.22
19976.83
19616.28
19099.56
18226.40
19392.05
18790.08
19223.37
19182.49
20049.97
20256.28
20510.07
20634.63
20246.33
19546.93
19625.40
20562.92
20100.74
19671.09
18960.30
19693.67
19301.73
18517.05
18298.37
18594.79
18469.61
18487.50
18309.87
18678.00
17697.72
17632.35
17371.20
16610.48
17379.06
17777.58
17376.24
16763.88
16396.90
16327.61
16238.29
15564.54
15062.52
14863.39
15374.50
15920.13
15834.28
15405.13
15442.94
16007.45
15948.26
15282.27
16063.30
15684.59
15935.73
14904.41
15004.61
14648.08
15110.33
14663.58
14767.50
13511.24
13045.46
13223.10
13893.16
14227.18
15824.78
15128.21
14751.01
15413.52
15121.73
14056.55
11866.95
11147.86
10929.37
10489.16
11010.14
12138.47
11428.41
11900.04
11127.68
10946.44
10969.20
11199.90
9175.80
9613.38
9370.31
8499.55
7463.48
6105.74
8434.97
5919.95
6815.90
6102.34
6380.79
5570.59
4822.52
4133.29
4476.95
3578.50
4476.29
3515.72
1043.06
-1632.03
-2687.68
-725.68
-1542.01
209.96
-959.84
2654.88
986.79
2041.49
1655.45
951.68
-3093.04
-1572.35
-3503.54
-1851.17
-1448.15
-2171.61
-4380.22
-6971.69
-7040.24
-9060.82
-5992.57
-9053.75
-9780.24
-8040.08
-2838.89
-4402.53
-6576.47
-4055.05
-4797.90
-8341.16
-8897.04
-11391.80
-12386.73
-13927.38
-13001.88
-15932.80
-14854.72
-14648.53
-14686.40
-19110.74
-18687.49
-18821.67
-20490.15
-23461.02
-24734.44
-28430.26
-29794.53
-28934.49
-27817.70
-29669.16
-27625.24
-30056.87
-38548.66
-35833.93
-36020.37
-40342.20
-40761.37
-43834.00
-43501.12
-45316.62
-46065.27
-45549.33
-45134.46
-48186.67
-50761.08
-52916.83
-54879.69
-57406.20
-54205.54
-54111.74
-50602.66
-53621.30
-55133.88
-56782.56
-59588.15
-63748.53
-62441.70
-61367.92
-65556.69
-64082.18
-64192.10
-62210.48
-68264.67
-65634.84
-67203.25
-70235.49
-73005.24
-75490.82
-74756.06
-76177.35
-81622.02
-84520.06
-88001.40
-90844.88
-92336.96
-92628.99
-92969.78
-97087.26
-93696.41
-98675.10
-102561.13
-106298.56
-107913.85
-112492.89
-112071.34
-110105.15
-113570.69
-111695.46
-111872.71
-115436.05
-113860.92
-117797.11
-123295.78
-120324.37
-120474.19
-122182.86
-124767.79
-132200.38
-129058.03
-133733.38
-136005.09
-136568.09
-138397.76
-141184.57
-146660.86
-146521.62
-145363.33
-149874.81
-144599.53
-152561.28
-154637.42
-162313.05
-160030.89
-159879.96
-163338.58
-167458.33
-168704.54
-166472.33
-163430.14
-167428.79
-171338.76
-171238.06
-177373.34
-180534.68
-181771.91
-184018.88
-181997.69
-186857.53
-188081.73
-190932.41
-193913.57
-195604.08
-193684.54
-194146.38
-197151.77
-202324.63
-200741.11
-204625.53
-206966.11
-213033.28
-212377.94
-213218.77
-216088.53
-214589.39
-217331.78
-221434.67
-222437.64
-221144.68
-220509.03
-226059.58
-226084.83
-225321.27
-227760.94
-224626.87
-228602.16
-230031.94
-233546.50
-233970.72
-230792.06
-235812.69
-238017.50
-245239.97
-247274.98
-246339.63
-249752.11
-249754.19
-254405.25
-253319.39
-255430.67
-261562.34
-258838.61
-262530.94
-263324.54
-258391.16
-264403.38
-269159.69
-270591.88
-272128.54
-270895.53
-276372.93
-278148.71
-276923.78
-279200.49
-280089.17
-282265.11
-285701.44
-285886.19
-287588.78
-288890.36
-292041.84
-293746.50
-291892.85
-292208.12
-293114.62
-298390.39
-299182.98
-298200.22
-298482.80
-304271.73
-303095.54
-306095.23
-307913.65
-308742.41
-307817.08
-306664.32
-312412.23
-312283.37
-312326.33
-312644.72
-317382.44
-314857.85
-314458.55
-313098.70
-316111.99
-318962.22
-319224.18
-318638.92
-320492.55
-318374.19
-322174.41
-324825.80
-323767.02
-332026.84
-330578.96
-337372.41
-334376.12
-338613.03
-340705.92
-343689.69
-343567.79
-342491.80
-345019.18
-346002.43
-345437.33
-347864.39
-352738.82
-350623.36
-352138.89
-345452.70
-353020.00
-355404.31
-355371.28
-357257.45
-357224.14
-360526.97
-367132.71
-367853.10
-369818.88
-366426.99
-368020.39
-368950.86
-357965.69
-359258.81
-353953.67
-358286.18
-351664.53
-352363.79
-354269.15
-355147.71
-356849.55
-356696.99
-352687.75
-353035.90
-350540.71
-355333.25
-361362.64
-359770.50
-359208.16
-356124.52
-361937.43
-362026.51
-357608.87
-360344.75
-364650.74
-364980.95
-367597.54
-367474.50
-364357.26
-363204.03
-366653.82
-369032.31
-367700.89
-366752.57
-369310.08
-370703.16
-370698.65
-370500.15
-371504.23
-367498.72
-366235.46
-364281.48
-366766.76
-361544.13
-358946.60
-364599.16
-368875.03
-373639.15
-374450.08
-373063.90
-366319.86
-365350.58
-360315.81
-362042.20
-358497.50
-364490.39
-363382.26
-365514.47
-366295.51
-364572.45
-357490.34
-364668.38
-360545.19
-360774.28
-354514.75
-361608.30
-366583.04
-363000.72
-368511.69
-369237.34
-368566.90
-370921.14
-369583.77
-368074.07
-358713.75
-366259.94
-367504.60
-369018.63
-366541.45
-371931.16
-376852.92
-372550.19
-376895.30
-374497.37
-370410.19
-373379.12
-371903.48
-379456.10
-377622.07
-377804.03
-380039.39
-377757.29
-375504.64
-372270.36
-374910.46
-378377.73
-379811.91
-384332.36
-382617.23
-384580.68
-386650.78
-385272.78
-388829.74
-390299.46
-383472.46
-388792.23
-388432.94
-393571.62
-389428.76
-388870.56
-392721.18
-390546.28
-394436.69
-395913.73
-392896.90
-386409.59
-389121.21
-384537.62
-388412.62
-382621.07
-381834.64
-385173.99
-382774.99
-377895.48
-371381.61
-376942.72
-385493.87
-388171.61
-389366.20
-390264.80
-389154.37
-389195.21
-383364.57
-391961.09
-381449.77
-386650.14
-390438.52
-384846.00
-387986.50
-383046.58
-383589.57
-384898.32
-379962.31
-378191.23
-377958.81
-372621.86
-378436.43
-380480.88
-383866.81
-382057.59
-382491.43
-385451.77
-384196.18
-381691.12
-375234.82
-379526.82
-374456.06
-378134.58
-381208.59
-388808.50
-389782.98
-387132.83
-383101.59
-380633.74
-377859.78
-380711.48
-386269.64
-382678.99
-380946.29
-375481.44
-382008.69
-373671.96
-375842.05
-376761.80
-376954.85
-375790.07
-375599.83
-379384.96
-375900.94
-377496.17
-384616.66
-385660.34
-382586.41
-384973.21
-378808.43
-386836.93
-381842.40
-383476.83
-387349.03
-386107.21
-386879.86
-390050.79
-389109.31
-386922.92
-379575.11
-377156.14
-380909.58
-373115.18
-376856.98
-373793.77
-375092.70
-371184.09
-372456.03
-373478.05
-370969.45
-367201.64
-372455.16
-373081.21
-376344.84
-368347.49
-368690.06
-375584.57
-368389.36
-364069.69
-360214.94
-362214.62
-360150.73
-354293.18
-354227.92
-355422.43
-355815.49
-357843.34
-357575.60
-352219.00
-356891.00
-354853.57
-356238.81
-358777.98
-360096.58
-360828.16
-367706.23
-366754.48
-365014.07
-366935.64
-364964.80
-364530.20
-362073.52
-366745.17
-364288.34
-358533.23
-359413.50
-359487.92
-357719.73
-359502.44
-360407.18
-359712.15
-356527.41
-352296.82
-354430.45
-349231.72
-353573.24
-351355.09
-351356.75
-349535.21
-343986.47
-345302.22
-343794.80
-343483.77
-338378.88
-336912.93
-338194.95
-335528.60
-333718.68
-335883.77
-335779.08
-336115.54
-337652.36
-338307.62
-335812.24
-331853.90
-333997.51
-332677.47
-329425.88
-323599.46
-322128.89
-322055.28
-325244.36
-320569.29
-322664.73
-320709.47
-321774.82
-321505.85
-316762.96
-313558.39
-309381.99
-308671.38
-308453.19
-306493.12
-302211.76
-299723.87
-301847.75
-299469.64
-299220.78
-296955.65
-299701.37
-297490.42
-297313.01
-297111.99
-295818.97
-291525.39
-291862.60
-285600.91
-289052.77
-290171.81
-288648.70
-290016.81
-287844.88
-285956.60
-285202.39
-283755.03
-283068.97
-280472.09
-275937.62
-275987.55
-268181.59
-271555.15
-268510.70
-265782.17
-266646.73
-265689.78
-268577.53
-262713.20
-261035.35
-262158.34
-261433.06
-257622.23
-259291.90
-257039.85
-256750.83
-252398.91
-249788.80
-248069.00
-244557.32
-242094.19
-242500.29
-242723.98
-241041.14
-239024.90
-236007.23
-236378.23
-230800.25
-233097.32
-233789.90
-229843.65
-228897.99
-228477.93
-229254.60
-223456.98
-224198.23
-218864.50
-220850.44
-217270.41
-215612.85
-212311.51
-211070.91
-210282.43
-209417.70
-207981.73
-207892.23
-202708.60
-204206.14
-200900.49
-198213.00
-195443.50
-191157.61
-197878.97
-195289.77
-193460.91
-191348.62
-189918.47
-188006.59
-185971.77
-185728.92
-181542.88
-178600.18
-178785.96
-180782.62
-171067.59
-171538.27
-165258.99
-170451.27
-167614.05
-164523.28
-164836.44
-163484.45
-161938.94
-158335.74
-156217.29
-156801.66
-152656.88
-153248.84
-152157.68
-147712.32
-146846.33
-143665.39
-144663.14
-139978.02
-138618.27
-138413.18
-136806.75
-135739.50
-133166.62
-134465.96
-132742.84
-133136.89
-128952.18
-133255.53
-131514.27
-129294.50
-125907.22
-125115.55
-122415.91
-118433.11
-116490.26
-113876.48
-110409.67
-109233.70
-108259.61
-104285.60
-101045.81
-101505.62
-99503.11
-97181.38
-97540.00
-93141.60
-95926.74
-91069.91
-90023.23
-86159.09
-83571.88
-85143.03
-79222.32
-81698.55
-79668.62
-74747.56
-77188.81
-74562.14
-70467.92
-67297.28
-62112.11
-61994.39
-56297.46
-52181.37
-52887.70
-47480.27
-46871.83
-46829.38
-41312.49
-42025.70
-37118.58
-34369.21
-33871.13
-29730.28
-29317.59
-25304.15
-26661.90
-25220.87
-15429.71
-18348.01
-13794.75
-14195.31
-13545.02
-17002.93
-10369.92
-3647.73
-2393.23
517.97
2269.99
3269.04
5463.82
10377.93
10069.16
13384.46
10432.94
12877.01
20289.29
22869.67
25214.23
24307.85
36694.74
36519.18
34879.26
42747.54
44797.99
44542.51
47538.11
48465.10
49271.70
47883.11
52483.61
57585.07
57452.98
56284.36
54998.66
61647.74
59461.29
63986.61
62017.75
65281.02
67853.08
67379.96
72647.10
74512.96
73088.58
72840.53
74069.45
75170.97
75384.02
83583.83
88147.37
80182.63
81857.80
80341.40
83067.31
85632.16
79719.06
80291.71
84510.68
77890.55
80237.16
78866.57
78246.22
82353.60
75520.97
80670.19
74036.71
72338.51
75378.80
76556.08
69928.84
64881.23
64507.56
63562.32
63814.38
62148.38
68708.87
66866.77
66516.74
68549.86
75390.95
73142.74
67814.64
73908.50
74744.97
76755.40
75190.73
77082.11
74113.94
79679.84
77358.71
79140.83
76494.78
76868.61
77551.72
80884.96
78054.89
78472.58
84581.78
82679.75
89495.16
86283.52
91880.34
87038.85
88976.11
87134.33
86759.10
87601.23
86341.82
86284.52
89625.98
87769.02
88496.28
87465.91
91123.65
103274.14
97402.91
101116.52
103125.80
102419.74
99380.22
100833.84
101502.07
104621.14
109209.72
111936.68
114591.88
114623.02
119801.32
118390.17
117258.14
114919.07
114422.65
114777.28
111887.17
110947.04
115207.17
112120.88
112910.96
114292.00
116094.28
115078.20
110288.24
114458.67
110031.47
111477.15
107144.54
108067.02
111051.05
108988.62
106194.35
101091.45
98765.70
98813.69
103508.73
101971.33
107013.00
106054.09
104962.46
103056.64
99004.89
96570.51
98757.64
96216.22
100962.42
99930.53
102428.94
103013.83
102099.93
100496.64
98494.42
95676.26
96243.67
94247.84
95233.97
90130.09
89551.24
88487.55
88882.29
88785.08
90845.05
88069.99
87583.42
84541.48
82619.73
84180.61
81469.52
82354.00
80345.56
81760.04
75484.75
75253.29
75333.19
77597.80
76087.81
73695.18
72766.06
73379.55
75071.75
74773.32
76803.59
74820.71
74524.25
75507.94
73999.01
73489.93
70114.72
72263.23
71857.26
73023.09
71058.04
69537.47
68941.84
69004.78
70048.43
71424.43
68641.83
65783.16
67729.34
65102.73
66956.83
70184.96
70524.48
70657.43
70600.06
69655.66
69785.34
73099.28
73449.47
73114.26
73168.98
72934.18
73389.92
74117.69
73698.95
72131.06
69841.99
70317.16
71685.89
71489.86
68725.92
64105.28
62507.46
62394.15
60908.64
62242.93
62507.28
62069.41
62031.33
61132.21
58951.60
59431.80
58846.66
59102.57
60739.83
60582.61
61599.89
59427.70
58880.45
58377.12
58177.62
54182.71
53336.58
54374.56
54818.57
54563.30
53920.28
54044.52
53251.66
55896.01
55679.64
55896.27
55304.63
54873.12
55901.85
55561.02
54516.74
54204.01
54642.58
55613.56
55653.96
55241.88
55277.23
54808.27
50653.27
51520.04
51075.57
50633.26
51356.55
50196.02
49827.53
48307.77
47844.71
47898.54
48347.26
47880.98
47066.68
46540.30
47222.31
48812.90
49468.77
49138.86
48662.06
49200.35
49770.20
49059.40
48552.51
48113.94
50784.61
50010.73
48729.09
49193.80
48685.94
48250.25
48978.98
46418.48
45815.14
45837.78
45318.61
45825.89
45101.11
44735.42
44489.13
44730.16
45508.48
45226.99
44970.08
44315.15
44039.41
44348.92
44913.29
44543.76
44106.76
44021.56
43561.23
43262.87
42965.60
42974.62
41854.94
41545.57
41654.01
41447.30
42946.79
42824.18
42502.70
41762.88
41297.07
40909.93
40459.94
39933.70
40030.54
39614.78
39315.85
40081.68
40086.14
39864.11
39401.79
39249.97
39499.03
39416.28
40048.97
39954.13
40539.48
40069.77
39802.28
39552.29
39801.13
39583.85
38865.56
38884.58
38533.61
37995.44
37428.78
38514.03
37237.48
37810.58
37243.25
37810.88
