17.70
17.68
17.66
17.64
17.63
17.61
17.59
17.57
17.55
17.54
17.52
17.50
17.48
17.46
17.44
17.43
17.41
17.39
17.37
17.35
17.33
17.31
17.30
17.28
17.26
17.24
17.22
17.21
17.19
17.17
17.15
17.13
17.11
17.09
17.08
17.06
17.04
17.02
17.00
16.99
16.97
16.95
16.93
16.91
16.89
16.88
16.86
16.84
16.82
16.80
16.78
16.76
16.75
16.73
16.71
16.69
16.67
16.66
16.64
16.62
16.60
16.59
16.58
16.57
16.56
16.55
16.54
16.53
16.52
16.51
16.50
16.49
16.48
16.47
16.46
16.45
16.44
16.43
16.42
16.41
16.40
16.39
16.38
16.37
16.36
16.35
16.34
16.33
16.32
16.31
16.30
16.29
16.28
16.27
16.26
16.25
16.24
16.23
16.22
16.21
16.20
16.19
16.18
16.17
16.16
16.15
16.14
16.13
16.12
16.11
16.10
16.09
16.08
16.07
16.06
16.05
16.04
16.03
16.02
16.01
16.00
15.99
15.98
15.97
15.96
15.95
15.94
15.93
15.92
15.91
15.90
15.89
15.88
15.87
15.86
15.85
15.84
15.83
15.82
15.81
15.80
15.79
15.78
15.77
15.76
15.75
15.74
15.73
15.72
15.71
15.70
15.69
15.68
15.67
15.66
15.65
15.64
15.63
15.62
15.61
15.60
15.59
15.58
15.57
15.56
15.55
15.54
15.53
15.52
15.51
15.50
15.49
15.48
15.47
15.46
15.45
15.44
15.43
15.42
15.41
15.40
15.39
15.39
15.38
15.37
15.37
15.36
15.35
15.35
15.34
15.33
15.33
15.32
15.31
15.31
15.30
15.29
15.29
15.28
15.27
15.27
15.26
15.25
15.25
15.24
15.23
15.23
15.22
15.21
15.21
15.20
15.19
15.19
15.18
15.17
15.17
15.16
15.15
15.15
15.14
15.13
15.13
15.12
15.11
15.11
15.10
15.09
15.09
15.08
15.07
15.07
15.06
15.05
15.05
15.04
15.03
15.03
15.02
15.01
15.01
15.00
15.01
15.01
15.02
15.03
15.03
15.04
15.05
15.05
15.06
15.07
15.07
15.08
15.09
15.09
15.10
15.11
15.11
15.12
15.13
15.13
15.14
15.15
15.15
15.16
15.17
15.17
15.18
15.19
15.19
15.20
15.21
15.21
15.22
15.23
15.23
15.24
15.25
15.25
15.26
15.27
15.27
15.28
15.29
15.29
15.30
15.31
15.31
15.32
15.33
15.33
15.34
15.35
15.35
15.36
15.37
15.37
15.38
15.39
15.39
15.40
15.42
15.45
15.47
15.49
15.52
15.54
15.56
15.59
15.61
15.63
15.66
15.68
15.70
15.73
15.75
15.77
15.80
15.82
15.84
15.87
15.89
15.91
15.94
15.96
15.98
16.01
16.03
16.05
16.08
16.10
16.12
16.15
16.17
16.19
16.22
16.24
16.26
16.29
16.31
16.33
16.36
16.38
16.40
16.43
16.45
16.47
16.50
16.52
16.54
16.57
16.59
16.61
16.64
16.66
16.68
16.71
16.73
16.75
16.78
16.80
16.83
16.85
16.88
16.91
16.93
16.96
16.99
17.01
17.04
17.07
17.09
17.12
17.15
17.17
17.20
17.23
17.25
17.28
17.31
17.33
17.36
17.39
17.41
17.44
17.47
17.49
17.52
17.55
17.57
17.60
17.63
17.65
17.68
17.71
17.73
17.76
17.79
17.81
17.84
17.87
17.89
17.92
17.95
17.97
18.00
18.03
18.05
18.08
18.11
18.13
18.16
18.19
18.21
18.24
18.27
18.29
18.32
18.35
18.37
18.40
18.42
18.44
18.46
18.48
18.50
18.52
18.54
18.56
18.58
18.60
18.62
18.64
18.66
18.68
18.70
18.72
18.74
18.76
18.78
18.80
18.82
18.84
18.86
18.88
18.90
18.92
18.94
18.96
18.98
19.00
19.02
19.04
19.06
19.08
19.10
19.12
19.14
19.16
19.18
19.20
19.22
19.24
19.26
19.28
19.30
19.32
19.34
19.36
19.38
19.40
19.42
19.44
19.46
19.48
19.50
19.52
19.54
19.56
19.58
19.60
19.61
19.63
19.65
19.66
19.67
19.69
19.71
19.72
19.73
19.75
19.77
19.78
19.79
19.81
19.83
19.84
19.85
19.87
19.88
19.90
19.92
19.93
19.94
19.96
19.98
19.99
20.00
20.02
20.04
20.05
20.06
20.08
20.10
20.11
20.12
20.14
20.16
20.17
20.18
20.20
20.22
20.23
20.24
20.26
20.27
20.29
20.30
20.32
20.33
20.35
20.37
20.38
20.39
20.41
20.43
20.44
20.45
20.47
20.49
20.50
20.50
20.49
20.48
20.48
20.48
20.47
20.46
20.46
20.46
20.45
20.44
20.44
20.44
20.43
20.43
20.42
20.42
20.41
20.41
20.40
20.39
20.39
20.39
20.38
20.37
20.37
20.37
20.36
20.35
20.35
20.35
20.34
20.33
20.33
20.33
20.32
20.31
20.31
20.31
20.30
20.29
20.29
20.29
20.28
20.27
20.27
20.27
20.26
20.26
20.25
20.24
20.24
20.24
20.23
20.22
20.22
20.22
20.21
20.20
20.20
20.20
20.20
20.21
20.21
20.21
20.21
20.21
20.21
20.21
20.22
20.22
20.22
20.22
20.22
20.23
20.23
20.23
20.23
20.23
20.23
20.24
20.24
20.24
20.24
20.24
20.24
20.24
20.25
20.25
20.25
20.25
20.25
20.26
20.26
20.26
20.26
20.26
20.26
20.26
20.27
20.27
20.27
20.27
20.27
20.27
20.28
20.28
20.28
20.28
20.28
20.29
20.29
20.29
20.29
20.29
20.29
20.29
20.30
20.30
20.30
20.30
20.31
20.32
20.32
20.32
20.33
20.34
20.34
20.34
20.35
20.36
20.36
20.36
20.37
20.38
20.38
20.38
20.39
20.39
20.40
20.41
20.41
20.41
20.42
20.43
20.43
20.43
20.44
20.45
20.45
20.45
20.46
20.47
20.47
20.47
20.48
20.49
20.49
20.49
20.50
20.51
20.51
20.51
20.52
20.53
20.53
20.53
20.54
20.54
20.55
20.56
20.56
20.56
20.57
20.58
20.58
20.58
20.59
20.60
20.60
20.60
20.59
20.58
20.58
20.58
20.57
20.56
20.56
20.56
20.55
20.54
20.54
20.54
20.53
20.53
20.52
20.52
20.51
20.51
20.50
20.49
20.49
20.49
20.48
20.47
20.47
20.47
20.46
20.45
20.45
20.45
20.44
20.43
20.43
20.43
20.42
20.41
20.41
20.41
20.40
20.39
20.39
20.39
20.38
20.38
20.37
20.37
20.36
20.36
20.35
20.34
20.34
20.34
20.33
20.32
20.32
20.32
20.31
20.30
20.30
20.30
20.29
20.29
20.29
20.28
20.28
20.28
20.27
20.27
20.27
20.26
20.26
20.26
20.25
20.25
20.25
20.24
20.24
20.24
20.23
20.23
20.23
20.22
20.22
20.22
20.21
20.21
20.21
20.20
20.20
20.20
20.19
20.19
20.19
20.18
20.18
20.18
20.17
20.17
20.17
20.16
20.16
20.16
20.15
20.15
20.15
20.14
20.14
20.14
20.13
20.13
20.13
20.12
20.12
20.12
20.11
20.11
20.11
20.10
20.10
20.08
20.07
20.05
20.03
20.02
20.00
19.98
19.97
19.95
19.93
19.92
19.90
19.88
19.87
19.85
19.83
19.82
19.80
19.78
19.77
19.75
19.73
19.72
19.70
19.68
19.67
19.65
19.63
19.62
19.60
19.58
19.57
19.55
19.53
19.52
19.50
19.48
19.47
19.45
19.43
19.42
19.40
19.38
19.37
19.35
19.33
19.32
19.30
19.28
19.27
19.25
19.23
19.22
19.20
19.18
19.17
19.15
19.13
19.12
19.10
19.10
19.09
19.09
19.09
19.08
19.08
19.08
19.07
19.07
19.07
19.06
19.06
19.06
19.05
19.05
19.05
19.04
19.04
19.04
19.03
19.03
19.03
19.02
19.02
19.02
19.01
19.01
19.01
19.00
19.00
19.00
18.99
18.99
18.99
18.98
18.98
18.98
18.97
18.97
18.97
18.96
18.96
18.96
18.95
18.95
18.95
18.94
18.94
18.94
18.93
18.93
18.93
18.92
18.92
18.92
18.91
18.91
18.91
18.90
18.90
18.89
18.88
18.87
18.87
18.86
18.85
18.84
18.83
18.83
18.82
18.81
18.80
18.79
18.78
18.77
18.77
18.76
18.75
18.74
18.73
18.72
18.72
18.71
18.70
18.69
18.68
18.68
18.67
18.66
18.65
18.64
18.63
18.62
18.62
18.61
18.60
18.59
18.58
18.58
18.57
18.56
18.55
18.54
18.53
18.52
18.52
18.51
18.50
18.49
18.48
18.47
18.47
18.46
18.45
18.44
18.43
18.43
18.42
18.41
18.40
18.39
18.38
18.37
18.36
18.35
18.34
18.33
18.32
18.31
18.30
18.29
18.28
18.27
18.26
18.25
18.24
18.23
18.22
18.21
18.20
18.19
18.18
18.17
18.16
18.15
18.14
18.13
18.12
18.11
18.10
18.09
18.08
18.07
18.06
18.05
18.04
18.03
18.02
18.01
18.00
17.99
17.98
17.97
17.96
17.95
17.94
17.93
17.92
17.91
17.90
17.89
17.88
17.87
17.86
17.85
17.84
17.83
17.82
17.81
17.80
17.79
17.78
17.77
17.76
17.75
17.74
17.73
17.72
17.71
17.70
17.69
17.68
17.67
17.66
17.65
17.64
17.63
17.62
17.61
17.60
17.59
17.58
17.57
17.56
17.55
17.54
17.53
17.52
17.51
17.50
17.49
17.48
17.47
17.46
17.45
17.44
17.43
17.42
17.41
17.40
17.39
17.38
17.37
17.36
17.35
17.34
17.33
17.32
17.31
17.30
17.29
17.28
17.27
17.26
17.25
17.24
17.23
17.22
17.21
17.20
17.19
17.18
17.17
17.16
17.15
17.14
17.13
17.12
17.11
17.10
17.09
17.08
17.07
17.06
17.05
17.04
17.03
17.02
17.01
17.00
16.99
16.98
16.97
16.96
16.95
16.94
16.93
16.92
16.91
16.90
16.89
16.88
16.87
16.86
16.85
16.84
16.83
16.82
16.81
16.80
16.79
16.78
16.77
16.76
16.75
16.74
16.73
16.72
16.71
16.70
16.69
16.68
16.67
16.66
16.65
16.64
16.63
16.62
16.61
16.60
16.60
16.59
16.59
16.59
16.58
16.58
16.58
16.57
16.57
16.57
16.56
16.56
16.56
16.55
16.55
16.55
16.54
16.54
16.54
16.53
16.53
16.53
16.52
16.52
16.52
16.51
16.51
16.51
16.50
16.50
16.50
16.49
16.49
16.49
16.48
16.48
16.48
16.47
16.47
16.47
16.46
16.46
16.46
16.45
16.45
16.45
16.44
16.44
16.44
16.43
16.43
16.43
16.42
16.42
16.42
16.41
16.41
16.41
16.40
16.40
16.40
16.39
16.39
16.39
16.38
16.38
16.38
16.37
16.37
16.37
16.36
16.36
16.36
16.35
16.35
16.35
16.34
16.34
16.34
16.33
16.33
16.33
16.32
16.32
16.32
16.31
16.31
16.31
16.30
16.30
16.30
16.29
16.29
16.29
16.28
16.28
16.28
16.27
16.27
16.27
16.26
16.26
16.26
16.25
16.25
16.25
16.24
16.24
16.24
16.23
16.23
16.23
16.22
16.22
16.22
16.21
16.21
16.21
16.20
16.20
16.20
16.19
16.19
16.19
16.18
16.18
16.18
16.17
16.17
16.17
16.16
16.16
16.16
16.15
16.15
16.15
16.14
16.14
16.14
16.13
16.13
16.13
16.12
16.12
16.12
16.11
16.11
16.11
16.10
16.10
16.10
16.09
16.09
16.09
16.08
16.08
16.08
16.07
16.07
16.07
16.06
16.06
16.06
16.05
16.05
16.05
16.04
16.04
16.04
16.03
16.03
16.03
16.02
16.02
16.02
16.01
16.01
16.01
16.00
16.00
16.01
16.01
16.02
16.03
16.03
16.04
16.05
16.05
16.06
16.07
16.07
16.08
16.09
16.09
16.10
16.11
16.11
16.12
16.13
16.13
16.14
16.15
16.15
16.16
16.17
16.17
16.18
16.19
16.19
16.20
16.21
16.21
16.22
16.23
16.23
16.24
16.25
16.25
16.26
16.27
16.27
16.28
16.29
16.29
16.30
16.31
16.31
16.32
16.33
16.33
16.34
16.35
16.35
16.36
16.37
16.37
16.38
16.39
16.39
16.40
16.40
16.41
16.42
16.42
16.42
16.43
16.44
16.44
16.44
16.45
16.46
16.46
16.46
16.47
16.47
16.48
16.48
16.49
16.49
16.50
16.51
16.51
16.51
16.52
16.53
16.53
16.53
16.54
16.55
16.55
16.55
16.56
16.57
16.57
16.57
16.58
16.59
16.59
16.59
16.60
16.61
16.61
16.61
16.62
16.62
16.63
16.63
16.64
16.64
16.65
16.66
16.66
16.66
16.67
16.68
16.68
16.68
16.69
16.70
16.70
16.70
16.71
16.71
16.71
16.72
16.72
16.72
16.73
16.73
16.73
16.74
16.74
16.74
16.75
16.75
16.75
16.76
16.76
16.76
16.77
16.77
16.77
16.78
16.78
16.78
16.79
16.79
16.79
16.80
16.80
16.80
16.81
16.81
16.81
16.82
16.82
16.82
16.83
16.83
16.83
16.84
16.84
16.84
16.85
16.85
16.85
16.86
16.86
16.86
16.87
16.87
16.87
16.88
16.88
16.88
16.89
16.89
16.89
16.90
16.90
16.90
16.91
16.91
16.91
16.92
16.92
16.92
16.93
16.93
16.93
16.94
16.94
16.94
16.95
16.95
16.95
16.96
16.96
16.96
16.97
16.97
16.97
16.98
16.98
16.98
16.99
16.99
16.99
17.00
17.00
17.00
17.01
17.01
17.01
17.02
17.02
17.02
17.03
17.03
17.03
17.04
17.04
17.04
17.05
17.05
17.05
17.06
17.06
17.06
17.07
17.07
17.07
17.08
17.08
17.08
17.09
17.09
17.09
17.10
17.10
17.10
17.10
17.11
17.11
17.11
17.11
17.11
17.11
17.11
17.12
17.12
17.12
17.12
17.12
17.12
17.13
17.13
17.13
17.13
17.13
17.14
17.14
17.14
17.14
17.14
17.14
17.14
17.15
17.15
17.15
17.15
17.15
17.16
17.16
17.16
17.16
17.16
17.16
17.16
17.17
17.17
17.17
17.17
17.17
17.18
17.18
17.18
17.18
17.18
17.18
17.19
17.19
17.19
17.19
17.19
17.19
17.19
17.20
17.20
17.20
17.21
17.22
17.23
17.24
17.25
17.26
17.27
17.28
17.29
17.30
17.31
17.32
17.33
17.34
17.35
17.36
17.37
17.38
17.39
17.40
17.41
17.42
17.43
17.44
17.45
17.46
17.47
17.48
17.49
17.50
17.51
17.52
17.53
17.54
17.55
17.56
17.57
17.58
17.59
17.60
17.61
17.62
17.63
17.64
17.65
17.66
17.67
17.68
17.69
17.70
17.71
17.72
17.73
17.74
17.75
17.76
17.77
17.78
17.79
17.80
17.83
17.87
17.91
17.94
17.97
18.01
18.05
18.08
18.11
18.15
18.19
18.22
18.25
18.29
18.32
18.36
18.39
18.43
18.46
18.50
18.54
18.57
18.60
18.64
18.68
18.71
18.74
18.78
18.82
18.85
18.88
18.92
18.96
18.99
19.02
19.06
19.10
19.13
19.16
19.20
19.24
19.27
19.30
19.34
19.38
19.41
19.44
19.48
19.51
19.55
19.59
19.62
19.65
19.69
19.73
19.76
19.79
19.83
19.87
19.90
19.94
19.98
20.02
20.05
20.09
20.13
20.17
20.21
20.24
20.28
20.32
20.36
20.40
20.44
20.47
20.51
20.55
20.59
20.63
20.67
20.71
20.74
20.78
20.82
20.86
20.90
20.93
20.97
21.01
21.05
21.09
21.13
21.17
21.20
21.24
21.28
21.32
21.36
21.39
21.43
21.47
21.51
21.55
21.59
21.62
21.66
21.70
21.74
21.78
21.82
21.86
21.89
21.93
21.97
22.01
22.05
22.08
22.12
22.16
22.20
22.24
22.28
22.32
22.35
22.39
22.43
22.47
22.51
22.54
22.58
22.62
22.66
22.70
22.74
22.77
22.81
22.85
22.89
22.93
22.97
23.01
23.04
23.08
23.12
23.16
23.20
23.23
23.27
23.31
23.35
23.39
23.43
23.47
23.50
23.54
23.58
23.62
23.66
23.69
23.73
23.77
23.81
23.85
23.89
23.93
23.96
24.00
24.04
24.08
24.12
24.16
24.19
24.23
24.27
24.31
24.35
24.38
24.42
24.46
24.50
24.54
24.57
24.61
24.65
24.68
24.72
24.76
24.79
24.83
24.87
24.90
24.94
24.98
25.01
25.05
25.09
25.12
25.16
25.20
25.23
25.27
25.31
25.34
25.38
25.42
25.45
25.49
25.53
25.56
25.60
25.64
25.67
25.71
25.75
25.78
25.82
25.86
25.89
25.93
25.97
26.00
26.04
26.08
26.11
26.15
26.19
26.22
26.26
26.30
26.33
26.37
26.41
26.44
26.48
26.52
26.55
26.59
26.63
26.66
26.70
26.73
26.77
26.80
26.83
26.87
26.90
26.93
26.97
27.00
27.03
27.07
27.10
27.13
27.17
27.20
27.23
27.27
27.30
27.33
27.37
27.40
27.43
27.47
27.50
27.53
27.57
27.60
27.63
27.67
27.70
27.73
27.77
27.80
27.83
27.87
27.90
27.93
27.97
28.00
28.03
28.07
28.10
28.13
28.17
28.20
28.23
28.27
28.30
28.33
28.37
28.40
28.43
28.47
28.50
28.53
28.57
28.60
28.63
28.67
28.70
28.73
28.76
28.79
28.82
28.85
28.88
28.91
28.94
28.97
29.00
29.03
29.06
29.09
29.12
29.15
29.18
29.21
29.24
29.27
29.30
29.33
29.36
29.39
29.42
29.45
29.48
29.51
29.54
29.57
29.60
29.63
29.66
29.69
29.72
29.75
29.78
29.81
29.84
29.87
29.90
29.93
29.96
29.99
30.02
30.05
30.08
30.11
30.14
30.17
30.20
30.23
30.26
30.29
30.32
30.35
30.38
30.41
30.44
30.47
30.50
30.52
30.55
30.57
30.59
30.62
30.64
30.66
30.69
30.71
30.73
30.76
30.78
30.80
30.83
30.85
30.87
30.90
30.92
30.94
30.97
30.99
31.01
31.04
31.06
31.08
31.11
31.13
31.15
31.18
31.20
31.22
31.25
31.27
31.29
31.32
31.34
31.36
31.39
31.41
31.43
31.46
31.48
31.50
31.53
31.55
31.57
31.60
31.62
31.64
31.67
31.69
31.71
31.74
31.76
31.78
31.81
31.83
31.85
31.88
31.90
31.92
31.94
31.96
31.97
31.99
32.01
32.03
32.05
32.06
32.08
32.10
32.12
32.14
32.16
32.17
32.19
32.21
32.23
32.25
32.27
32.29
32.30
32.32
32.34
32.36
32.38
32.39
32.41
32.43
32.45
32.47
32.49
32.51
32.52
32.54
32.56
32.58
32.60
32.61
32.63
32.65
32.67
32.69
32.71
32.73
32.74
32.76
32.78
32.80
32.82
32.84
32.85
32.87
32.89
32.91
32.93
32.94
32.96
32.98
33.00
33.01
33.02
33.03
33.04
33.05
33.06
33.07
33.08
33.09
33.10
33.11
33.12
33.13
33.14
33.15
33.16
33.17
33.18
33.19
33.20
33.21
33.22
33.23
33.24
33.25
33.26
33.27
33.28
33.29
33.30
33.31
33.32
33.33
33.34
33.35
33.36
33.37
33.38
33.39
33.40
33.41
33.42
33.43
33.44
33.45
33.46
33.47
33.48
33.49
33.50
33.51
33.52
33.53
33.54
33.55
33.56
33.57
33.58
33.59
33.60
33.60
33.61
33.62
33.62
33.62
33.63
33.64
33.64
33.64
33.65
33.66
33.66
33.66
33.67
33.67
33.68
33.68
33.69
33.69
33.70
33.71
33.71
33.71
33.72
33.73
33.73
33.73
33.74
33.75
33.75
33.75
33.76
33.77
33.77
33.77
33.78
33.79
33.79
33.79
33.80
33.81
33.81
33.81
33.82
33.83
33.83
33.83
33.84
33.84
33.85
33.86
33.86
33.86
33.87
33.88
33.88
33.88
33.89
33.90
33.90
33.90
33.89
33.89
33.89
33.88
33.88
33.88
33.87
33.87
33.87
33.86
33.86
33.86
33.85
33.85
33.85
33.84
33.84
33.84
33.83
33.83
33.83
33.82
33.82
33.82
33.81
33.81
33.81
33.80
33.80
33.80
33.79
33.79
33.79
33.78
33.78
33.78
33.77
33.77
33.77
33.76
33.76
33.76
33.75
33.75
33.75
33.74
33.74
33.74
33.73
33.73
33.73
33.72
33.72
33.72
33.71
33.71
33.71
33.70
33.70
33.69
33.67
33.66
33.65
33.63
33.62
33.61
33.59
33.58
33.57
33.55
33.54
33.53
33.51
33.50
33.49
33.47
33.46
33.45
33.43
33.42
33.41
33.39
33.38
33.37
33.35
33.34
33.33
33.31
33.30
33.29
33.27
33.26
33.25
33.23
33.22
33.21
33.19
33.18
33.17
33.15
33.14
33.13
33.11
33.10
33.09
33.07
33.06
33.05
33.03
33.02
33.01
32.99
32.98
32.97
32.95
32.94
32.93
32.91
32.90
32.88
32.86
32.84
32.82
32.80
32.78
32.76
32.74
32.72
32.70
32.68
32.66
32.64
32.62
32.60
32.58
32.56
32.54
32.52
32.50
32.48
32.46
32.44
32.42
32.40
32.38
32.36
32.34
32.32
32.30
32.28
32.26
32.24
32.22
32.20
32.18
32.16
32.14
32.12
32.10
32.08
32.06
32.04
32.02
32.00
31.98
31.96
31.94
31.92
31.90
31.88
31.86
31.84
31.82
31.80
31.78
31.76
31.74
31.72
31.70
31.68
31.65
31.62
31.60
31.58
31.55
31.52
31.50
31.48
31.45
31.42
31.40
31.38
31.35
31.32
31.30
31.28
31.25
31.23
31.20
31.17
31.15
31.13
31.10
31.07
31.05
31.03
31.00
30.97
30.95
30.93
30.90
30.87
30.85
30.83
30.80
30.77
30.75
30.73
30.70
30.67
30.65
30.63
30.60
30.57
30.55
30.53
30.50
30.48
30.45
30.42
30.40
30.38
30.35
30.32
30.30
30.28
30.25
30.22
30.20
30.17
30.15
30.12
30.09
30.07
30.04
30.01
29.99
29.96
29.93
29.91
29.88
29.85
29.83
29.80
29.77
29.75
29.72
29.69
29.67
29.64
29.61
29.59
29.56
29.53
29.51
29.48
29.45
29.43
29.40
29.37
29.35
29.32
29.29
29.27
29.24
29.21
29.19
29.16
29.13
29.11
29.08
29.05
29.03
29.00
28.97
28.95
28.92
28.89
28.87
28.84
28.81
28.79
28.76
28.73
28.71
28.68
28.65
28.63
28.60
28.58
28.55
28.52
28.50
28.48
28.45
28.42
28.40
28.38
28.35
28.32
28.30
28.28
28.25
28.23
28.20
28.18
28.15
28.13
28.10
28.07
28.05
28.03
28.00
27.97
27.95
27.93
27.90
27.87
27.85
27.83
27.80
27.77
27.75
27.73
27.70
27.67
27.65
27.63
27.60
27.57
27.55
27.53
27.50
27.48
27.45
27.43
27.40
27.38
27.35
27.32
27.30
27.28
27.25
27.22
27.20
27.18
27.15
27.12
27.10
27.07
27.05
27.02
26.99
26.97
26.94
26.91
26.89
26.86
26.83
26.81
26.78
26.75
26.73
26.70
26.67
26.65
26.62
26.59
26.57
26.54
26.51
26.49
26.46
26.43
26.41
26.38
26.35
26.33
26.30
26.27
26.25
26.22
26.19
26.17
26.14
26.11
26.09
26.06
26.03
26.01
25.98
25.95
25.93
25.90
25.87
25.85
25.82
25.79
25.77
25.74
25.71
25.69
25.66
25.63
25.61
25.58
25.55
25.53
25.50
25.48
25.45
25.42
25.40
25.38
25.35
25.32
25.30
25.28
25.25
25.22
25.20
25.18
25.15
25.12
25.10
25.08
25.05
25.03
25.00
24.97
24.95
24.93
24.90
24.87
24.85
24.83
24.80
24.77
24.75
24.73
24.70
24.67
24.65
24.63
24.60
24.57
24.55
24.53
24.50
24.47
24.45
24.43
24.40
24.38
24.35
24.33
24.30
24.28
24.25
24.22
24.20
24.18
24.15
24.12
24.10
24.08
24.05
24.02
24.00
23.98
23.95
23.92
23.90
23.88
23.85
23.82
23.80
23.78
23.75
23.72
23.70
23.68
23.65
23.62
23.60
23.58
23.55
23.53
23.50
23.47
23.45
23.43
23.40
23.37
23.35
23.33
23.30
23.27
23.25
23.23
23.20
23.17
23.15
23.13
23.10
23.07
23.05
23.03
23.00
22.97
22.95
22.93
22.90
22.88
22.85
22.83
22.80
22.78
22.75
22.72
22.70
22.68
22.65
22.62
22.60
22.58
22.55
22.52
22.50
22.47
22.45
22.42
22.39
22.37
22.34
22.31
22.29
22.26
22.23
22.21
22.18
22.15
22.13
22.10
22.07
22.05
22.02
21.99
21.97
21.94
21.91
21.89
21.86
21.83
21.81
21.78
21.75
21.73
21.70
21.67
21.65
21.62
21.59
21.57
21.54
21.51
21.49
21.46
21.43
21.41
21.38
21.35
21.33
21.30
21.27
21.25
21.22
21.19
21.17
21.14
21.11
21.09
21.06
21.03
21.01
20.98
20.95
20.93
20.90
20.89
20.87
20.85
20.84
20.83
20.81
20.79
20.78
20.77
20.75
20.73
20.72
20.71
20.69
20.67
20.66
20.65
20.63
20.62
20.60
20.58
20.57
20.56
20.54
20.52
20.51
20.50
20.48
20.46
20.45
20.44
20.42
20.40
20.39
20.38
20.36
20.34
20.33
20.32
20.30
20.28
20.27
20.26
20.24
20.23
20.21
20.20
20.18
20.17
20.15
20.13
20.12
20.11
20.09
20.07
20.06
20.05
20.03
20.01
20.00
19.99
19.97
19.95
19.94
19.93
19.91
19.89
19.88
19.87
19.85
19.83
19.82
19.81
19.79
19.77
19.76
19.75
19.73
19.72
19.70
19.68
19.67
19.66
19.64
19.62
19.61
19.60
19.58
19.56
19.55
19.54
19.52
19.50
19.49
19.48
19.46
19.44
19.43
19.42
19.40
19.38
19.37
19.36
19.34
19.33
19.31
19.30
19.28
19.27
19.25
19.23
19.22
19.21
19.19
19.17
19.16
19.15
19.13
19.11
19.10
19.09
19.08
19.07
19.06
19.05
19.04
19.03
19.02
19.01
19.00
18.99
18.98
18.97
18.96
18.95
18.94
18.93
18.92
18.91
18.90
18.89
18.88
18.87
18.86
18.85
18.84
18.83
18.82
18.81
18.80
18.79
18.78
18.77
18.76
18.75
18.74
18.73
18.72
18.71
18.70
18.69
18.68
18.67
18.66
18.65
18.64
18.63
18.62
18.61
18.60
18.59
18.58
18.57
18.56
18.55
18.54
18.53
18.52
18.51
18.50
18.50
18.51
18.52
18.52
18.52
18.53
18.54
18.54
18.54
18.55
18.56
18.56
18.56
18.57
18.57
18.58
18.58
18.59
18.59
18.60
18.61
18.61
18.61
18.62
18.63
18.63
18.63
18.64
18.65
18.65
18.65
18.66
18.67
18.67
18.67
18.68
18.69
18.69
18.69
18.70
18.71
18.71
18.71
18.72
18.73
18.73
18.73
18.74
18.74
18.75
18.76
18.76
18.76
18.77
18.78
18.78
18.78
18.79
18.80
18.80
18.83
18.86
18.89
18.91
18.94
18.97
19.00
19.03
19.05
19.08
19.11
19.14
19.17
19.20
19.23
19.25
19.28
19.31
19.34
19.37
19.40
19.42
19.45
19.48
19.51
19.54
19.56
19.59
19.62
19.65
19.68
19.71
19.74
19.76
19.79
19.82
19.85
19.88
19.90
19.93
19.96
19.99
20.02
20.05
20.07
20.10
20.13
20.16
20.19
20.22
20.25
20.27
20.30
20.33
20.36
20.39
20.41
20.44
20.47
20.50
20.53
20.56
20.59
20.62
20.65
20.68
20.71
20.74
20.77
20.80
20.83
20.86
20.89
20.92
20.95
20.98
21.01
21.04
21.07
21.10
21.13
21.16
21.19
21.22
21.25
21.28
21.31
21.34
21.37
21.40
21.43
21.46
21.49
21.52
21.55
21.58
21.61
21.64
21.67
21.70
21.73
21.76
21.79
21.82
21.85
21.88
21.91
21.94
21.97
22.00
22.03
22.06
22.09
22.12
22.15
22.18
22.21
22.24
22.27
22.30
22.33
22.36
22.39
22.42
22.45
22.48
22.51
22.54
22.57
22.60
22.63
22.66
22.69
22.72
22.75
22.78
22.81
22.84
22.87
22.90
22.93
22.96
22.99
23.02
23.05
23.08
23.11
23.14
23.17
23.20
23.23
23.26
23.29
23.32
23.35
23.38
23.41
23.44
23.47
23.50
23.53
23.56
23.59
23.62
23.65
23.68
23.71
23.74
23.77
23.80
23.83
23.86
23.89
23.92
23.95
23.98
24.01
24.04
24.07
24.10
24.13
24.16
24.19
24.21
24.24
24.27
24.30
24.33
24.35
24.38
24.41
24.44
24.47
24.50
24.53
24.55
24.58
24.61
24.64
24.67
24.70
24.72
24.75
24.78
24.81
24.84
24.86
24.89
24.92
24.95
24.98
25.01
25.04
25.06
25.09
25.12
25.15
25.18
25.20
25.23
25.26
25.29
25.32
25.35
25.38
25.40
25.43
25.46
25.49
25.52
25.55
25.57
25.60
25.63
25.66
25.69
25.71
25.74
25.77
25.80
25.83
25.85
25.88
25.91
25.93
25.96
25.99
26.01
26.04
26.07
26.09
26.12
26.15
26.17
26.20
26.23
26.25
26.28
26.31
26.33
26.36
26.39
26.41
26.44
26.47
26.49
26.52
26.55
26.57
26.60
26.63
26.65
26.68
26.71
26.73
26.76
26.79
26.81
26.84
26.87
26.89
26.92
26.95
26.97
27.00
27.03
27.05
27.08
27.11
27.13
27.16
27.19
27.21
27.24
27.27
27.29
27.32
27.35
27.37
27.40
27.42
27.45
27.47
27.49
27.52
27.54
27.56
27.59
27.61
27.63
27.66
27.68
27.70
27.73
27.75
27.77
27.80
27.82
27.84
27.87
27.89
27.91
27.94
27.96
27.98
28.01
28.03
28.05
28.08
28.10
28.12
28.15
28.17
28.19
28.22
28.24
28.26
28.29
28.31
28.33
28.36
28.38
28.40
28.43
28.45
28.47
28.50
28.52
28.54
28.57
28.59
28.61
28.64
28.66
28.68
28.71
28.73
28.75
28.78
28.80
28.82
28.83
28.85
28.87
28.88
28.90
28.92
28.93
28.95
28.97
28.98
29.00
29.02
29.03
29.05
29.07
29.08
29.10
29.12
29.13
29.15
29.17
29.18
29.20
29.22
29.23
29.25
29.27
29.28
29.30
29.32
29.33
29.35
29.37
29.38
29.40
29.42
29.43
29.45
29.47
29.48
29.50
29.52
29.53
29.55
29.57
29.58
29.60
29.62
29.63
29.65
29.67
29.68
29.70
29.72
29.73
29.75
29.77
29.78
29.80
29.81
29.83
29.84
29.85
29.87
29.88
29.89
29.91
29.92
29.93
29.95
29.96
29.97
29.99
30.00
30.01
30.03
30.04
30.05
30.07
30.08
30.09
30.11
30.12
30.13
30.15
30.16
30.17
30.19
30.20
30.21
30.23
30.24
30.25
30.27
30.28
30.29
30.31
30.32
30.33
30.35
30.36
30.37
30.39
30.40
30.41
30.43
30.44
30.45
30.47
30.48
30.49
30.51
30.52
30.53
30.55
30.56
30.57
30.59
30.60
30.61
30.61
30.62
30.63
30.63
30.64
30.65
30.65
30.66
30.67
30.67
30.68
30.69
30.69
30.70
30.71
30.71
30.72
30.73
30.73
30.74
30.75
30.75
30.76
30.77
30.77
30.78
30.79
30.79
30.80
30.81
30.81
30.82
30.83
30.83
30.84
30.85
30.85
30.86
30.87
30.87
30.88
30.89
30.89
30.90
30.91
30.91
30.92
30.93
30.93
30.94
30.95
30.95
30.96
30.97
30.97
30.98
30.99
30.99
31.00
31.00
31.00
31.01
31.01
31.01
31.01
31.01
31.01
31.01
31.02
31.02
31.02
31.02
31.02
31.02
31.03
31.03
31.03
31.03
31.03
31.04
31.04
31.04
31.04
31.04
31.04
31.04
31.05
31.05
31.05
31.05
31.05
31.06
31.06
31.06
31.06
31.06
31.06
31.06
31.07
31.07
31.07
31.07
31.07
31.08
31.08
31.08
31.08
31.08
31.08
31.09
31.09
31.09
31.09
31.09
31.09
31.09
31.10
31.10
31.10
31.10
31.09
31.08
31.08
31.08
31.07
31.06
31.06
31.06
31.05
31.04
31.04
31.04
31.03
31.03
31.02
31.02
31.01
31.01
31.00
30.99
30.99
30.99
30.98
30.97
30.97
30.97
30.96
30.95
30.95
30.95
30.94
30.93
30.93
30.93
30.92
30.91
30.91
30.91
30.90
30.89
30.89
30.89
30.88
30.88
30.87
30.87
30.86
30.86
30.85
30.84
30.84
30.84
30.83
30.82
30.82
30.82
30.81
30.80
30.80
30.79
30.77
30.76
30.75
30.73
30.72
30.71
30.69
30.68
30.67
30.65
30.64
30.63
30.61
30.60
30.59
30.57
30.56
30.55
30.53
30.52
30.51
30.49
30.48
30.47
30.45
30.44
30.43
30.41
30.40
30.39
30.37
30.36
30.35
30.33
30.32
30.31
30.29
30.28
30.27
30.25
30.24
30.23
30.21
30.20
30.19
30.17
30.16
30.15
30.13
30.12
30.11
30.09
30.08
30.07
30.05
30.04
30.03
30.01
30.00
29.98
29.96
29.94
29.92
29.90
29.88
29.86
29.84
29.82
29.80
29.78
29.76
29.74
29.72
29.70
29.68
29.66
29.64
29.62
29.60
29.58
29.56
29.54
29.52
29.50
29.48
29.46
29.44
29.42
29.40
29.38
29.36
29.34
29.32
29.30
29.28
29.26
29.24
29.22
29.20
29.18
29.16
29.14
29.12
29.10
29.08
29.06
29.04
29.02
29.00
28.98
28.96
28.94
28.92
28.90
28.88
28.86
28.84
28.82
28.80
28.78
28.75
28.73
28.71
28.68
28.66
28.64
28.61
28.59
28.57
28.54
28.52
28.50
28.47
28.45
28.43
28.40
28.38
28.36
28.33
28.31
28.29
28.26
28.24
28.22
28.19
28.17
28.15
28.12
28.10
28.08
28.05
28.03
28.01
27.98
27.96
27.94
27.91
27.89
27.87
27.84
27.82
27.80
27.77
27.75
27.73
27.70
27.68
27.66
27.63
27.61
27.59
27.56
27.54
27.52
27.49
27.47
27.45
27.42
27.40
27.38
27.35
27.32
27.30
27.28
27.25
27.22
27.20
27.18
27.15
27.12
27.10
27.08
27.05
27.02
27.00
26.98
26.95
26.93
26.90
26.87
26.85
26.83
26.80
26.77
26.75
26.73
26.70
26.67
26.65
26.63
26.60
26.57
26.55
26.53
26.50
26.47
26.45
26.43
26.40
26.37
26.35
26.33
26.30
26.27
26.25
26.23
26.20
26.18
26.15
26.12
26.10
26.08
26.05
26.02
26.00
25.98
25.95
25.92
25.90
25.87
25.84
25.81
25.78
25.75
25.72
25.69
25.66
25.63
25.60
25.57
25.54
25.51
25.48
25.45
25.42
25.39
25.36
25.33
25.30
25.27
25.24
25.21
25.18
25.15
25.12
25.09
25.06
25.03
25.00
24.97
24.94
24.91
24.88
24.85
24.82
24.79
24.76
24.73
24.70
24.67
24.64
24.61
24.58
24.55
24.52
24.49
24.46
24.43
24.40
24.37
24.34
24.31
24.28
24.25
24.22
24.19
24.16
24.13
24.10
24.07
24.04
24.01
23.98
23.95
23.92
23.89
23.86
23.83
23.80
23.77
23.74
23.71
23.68
23.65
23.62
23.59
23.56
23.53
23.50
23.47
23.44
23.41
23.38
23.35
23.32
23.29
23.26
23.23
23.20
23.17
23.14
23.11
23.08
23.05
23.02
22.99
22.96
22.93
22.90
22.87
22.84
22.81
22.78
22.75
22.72
22.69
22.66
22.63
22.60
22.57
22.54
22.51
22.48
22.45
22.42
22.39
22.36
22.33
22.30
22.27
22.24
22.20
22.17
22.14
22.11
22.08
22.05
22.02
21.98
21.95
21.92
21.89
21.86
21.82
21.79
21.76
21.73
21.70
21.67
21.63
21.60
21.57
21.54
21.51
21.48
21.45
21.41
21.38
21.35
21.32
21.29
21.25
21.22
21.19
21.16
21.13
21.10
21.07
21.03
21.00
20.97
20.94
20.91
20.88
20.84
20.81
20.78
20.75
20.72
20.68
20.65
20.62
20.59
20.56
20.53
20.50
20.46
20.43
20.40
20.38
20.37
20.35
20.33
20.32
20.30
20.28
20.27
20.25
20.23
20.22
20.20
20.18
20.17
20.15
20.13
20.12
20.10
20.08
20.07
20.05
20.03
20.02
20.00
19.98
19.97
19.95
19.93
19.92
19.90
19.88
19.87
19.85
19.83
19.82
19.80
19.78
19.77
19.75
19.73
19.72
19.70
19.68
19.67
19.65
19.63
19.62
19.60
19.58
19.57
19.55
19.53
19.52
19.50
19.48
19.47
19.45
19.43
19.42
